0 -2.195500E+02 1.450000E+00 0.000000E+00 0.000000E+00 0.000000E+00 0.000000E+00 0.000000E+00 6.992679E-08 0.000000E+00 0.000000E+00
1 -2.195069E+02 4.305400E-02 3.367863E+01 2.152935E-11 2.170653E-11 2.136758E-11 2.050887E-11 7.161554E-08 1.390153E-11 8.553946E-12
2 -2.194487E+02 5.820287E-02 2.491286E+01 1.091933E-10 1.100920E-10 1.083728E-10 1.040176E-10 7.391517E-08 7.050628E-11 4.338420E-11
3 -2.193898E+02 5.895497E-02 2.459504E+01 2.581876E-10 2.603125E-10 2.562476E-10 2.459496E-10 7.625738E-08 1.667121E-10 1.025820E-10
4 -2.193297E+02 6.006175E-02 2.414182E+01 4.726147E-10 4.765044E-10 4.690636E-10 4.502131E-10 7.865766E-08 3.051681E-10 1.877772E-10
5 -2.192683E+02 6.141824E-02 2.360862E+01 7.575428E-10 7.637774E-10 7.518508E-10 7.216357E-10 8.112762E-08 4.891466E-10 3.009836E-10
6 -2.192053E+02 6.303161E-02 2.300433E+01 1.119277E-09 1.128488E-09 1.110867E-09 1.066224E-09 8.367955E-08 7.227187E-10 4.447061E-10
7 -2.191404E+02 6.491151E-02 2.233810E+01 1.565494E-09 1.578378E-09 1.553731E-09 1.491290E-09 8.632652E-08 1.010842E-09 6.219952E-10
8 -2.190733E+02 6.707092E-02 2.161891E+01 2.105423E-09 2.122751E-09 2.089603E-09 2.005627E-09 8.908264E-08 1.359475E-09 8.365174E-10
9 -2.190038E+02 6.952612E-02 2.085547E+01 2.750064E-09 2.772697E-09 2.729401E-09 2.619712E-09 9.196329E-08 1.775721E-09 1.092643E-09
10 -2.189315E+02 7.229681E-02 2.005621E+01 3.512462E-09 3.541370E-09 3.486071E-09 3.345974E-09 9.498532E-08 2.268002E-09 1.395556E-09
11 -2.188506E+02 8.085372E-02 1.793362E+01 4.472151E-09 4.508957E-09 4.438549E-09 4.260174E-09 9.839466E-08 2.887675E-09 1.776856E-09
12 -2.187583E+02 9.233840E-02 1.570311E+01 5.694934E-09 5.741803E-09 5.652144E-09 5.424997E-09 1.023182E-07 3.677228E-09 2.262686E-09
13 -2.186503E+02 1.080253E-01 1.342278E+01 7.279301E-09 7.339210E-09 7.224607E-09 6.934267E-09 1.069359E-07 4.700256E-09 2.892180E-09
14 -2.185195E+02 1.307257E-01 1.109193E+01 9.389194E-09 9.466467E-09 9.318646E-09 8.944151E-09 1.125427E-07 6.062617E-09 3.730473E-09
15 -2.183529E+02 1.666540E-01 8.700659E+00 1.232993E-08 1.243140E-08 1.223728E-08 1.174549E-08 1.196803E-07 7.961453E-09 4.898872E-09
16 -2.181196E+02 2.332589E-01 6.216269E+00 1.679044E-08 1.692863E-08 1.666429E-08 1.599459E-08 1.295595E-07 1.084162E-08 6.671106E-09
17 -2.177100E+02 4.095887E-01 3.540137E+00 2.510200E-08 2.530859E-08 2.491339E-08 2.391218E-08 1.462419E-07 1.620840E-08 9.973416E-09
18 -2.167461E+02 9.639761E-01 1.504187E+00 4.447460E-08 4.484062E-08 4.414043E-08 4.236653E-08 1.805729E-07 2.871732E-08 1.767045E-08
19 -2.152961E+02 1.450000E+00 0.000000E+00 6.738576E-08 6.794035E-08 6.687944E-08 6.419171E-08 2.167237E-07 4.351109E-08 2.677342E-08
20 -2.151771E+02 1.189842E-01 1.218650E+01 6.919143E-08 6.976088E-08 6.867155E-08 6.591180E-08 2.191740E-07 4.467702E-08 2.749084E-08
21 -2.150690E+02 1.081020E-01 1.341326E+01 7.143615E-08 7.202407E-08 7.089940E-08 6.805011E-08 2.218595E-07 4.612643E-08 2.838270E-08
22 -2.149717E+02 9.729878E-02 1.490255E+01 7.400335E-08 7.461240E-08 7.344732E-08 7.049564E-08 2.246982E-07 4.778408E-08 2.940269E-08
23 -2.148800E+02 9.168337E-02 1.581530E+01 7.694470E-08 7.757796E-08 7.636656E-08 7.329757E-08 2.277801E-07 4.968332E-08 3.057133E-08
24 -2.147891E+02 9.086890E-02 1.595705E+01 8.038549E-08 8.104707E-08 7.978150E-08 7.657527E-08 2.312467E-07 5.190504E-08 3.193841E-08
25 -2.146984E+02 9.070713E-02 1.598551E+01 8.435448E-08 8.504872E-08 8.372067E-08 8.035613E-08 2.351275E-07 5.446782E-08 3.351535E-08
26 -2.146073E+02 9.114479E-02 1.590875E+01 8.889254E-08 8.962413E-08 8.822463E-08 8.467908E-08 2.394610E-07 5.739805E-08 3.531840E-08
27 -2.145151E+02 9.212861E-02 1.573887E+01 9.405182E-08 9.482587E-08 9.334515E-08 8.959382E-08 2.442944E-07 6.072941E-08 3.736826E-08
28 -2.144215E+02 9.362488E-02 1.548734E+01 9.989641E-08 1.007186E-07 9.914582E-08 9.516138E-08 2.496838E-07 6.450327E-08 3.969040E-08
29 -2.143259E+02 9.561451E-02 1.516506E+01 1.065034E-07 1.073799E-07 1.057031E-07 1.014552E-07 2.556959E-07 6.876939E-08 4.231545E-08
30 -2.142278E+02 9.808993E-02 1.478235E+01 1.139642E-07 1.149022E-07 1.131080E-07 1.085624E-07 2.624086E-07 7.358690E-08 4.527978E-08
31 -2.141268E+02 1.010531E-01 1.434890E+01 1.223872E-07 1.233944E-07 1.214676E-07 1.165861E-07 2.699134E-07 7.902558E-08 4.862633E-08
32 -2.140222E+02 1.045140E-01 1.387374E+01 1.318991E-07 1.329846E-07 1.309081E-07 1.256472E-07 2.783174E-07 8.516746E-08 5.240558E-08
33 -2.139137E+02 1.084899E-01 1.336529E+01 1.426491E-07 1.438231E-07 1.415773E-07 1.358876E-07 2.877455E-07 9.210876E-08 5.667672E-08
34 -2.137942E+02 1.195376E-01 1.213007E+01 1.555044E-07 1.567842E-07 1.543360E-07 1.481336E-07 2.989462E-07 1.004094E-07 6.178432E-08
35 -2.136589E+02 1.352905E-01 1.071768E+01 1.712384E-07 1.726477E-07 1.699518E-07 1.631218E-07 3.125733E-07 1.105689E-07 6.803571E-08
36 -2.135031E+02 1.557998E-01 9.306817E+00 1.907651E-07 1.923351E-07 1.893317E-07 1.817229E-07 3.293909E-07 1.231773E-07 7.579394E-08
37 -2.133197E+02 1.833998E-01 7.906226E+00 2.154496E-07 2.172228E-07 2.138308E-07 2.052374E-07 3.505380E-07 1.391161E-07 8.560150E-08
38 -2.130975E+02 2.222092E-01 6.525382E+00 2.474361E-07 2.494726E-07 2.455770E-07 2.357078E-07 3.777988E-07 1.597699E-07 9.831025E-08
39 -2.128171E+02 2.804361E-01 5.170519E+00 2.903581E-07 2.927478E-07 2.881765E-07 2.765953E-07 4.141870E-07 1.874847E-07 1.153638E-07
40 -2.124768E+02 3.402733E-01 4.261281E+00 3.454284E-07 3.482713E-07 3.428330E-07 3.290553E-07 4.606238E-07 2.230437E-07 1.372441E-07
41 -2.120800E+02 3.968163E-01 3.654084E+00 4.131608E-07 4.165611E-07 4.100564E-07 3.935772E-07 5.174370E-07 2.667785E-07 1.641552E-07
42 -2.116157E+02 4.643135E-01 3.122890E+00 4.965826E-07 5.006695E-07 4.928514E-07 4.730449E-07 5.870603E-07 3.206442E-07 1.973000E-07
43 -2.111161E+02 4.995606E-01 2.902551E+00 5.912771E-07 5.961433E-07 5.868344E-07 5.632509E-07 6.657441E-07 3.817885E-07 2.349236E-07
44 -2.105913E+02 5.248249E-01 2.762826E+00 6.970010E-07 7.027374E-07 6.917640E-07 6.639636E-07 7.532950E-07 4.500547E-07 2.769294E-07
45 -2.099143E+02 6.770085E-01 2.141775E+00 8.403543E-07 8.472704E-07 8.340401E-07 8.005219E-07 8.716325E-07 5.426181E-07 3.338859E-07
46 -2.088838E+02 1.030517E+00 1.407061E+00 1.058041E-06 1.066749E-06 1.050091E-06 1.007891E-06 1.050475E-06 6.831789E-07 4.203763E-07
47 -2.074338E+02 1.450000E+00 8.032172E-01 1.331337E-06 1.342294E-06 1.321334E-06 1.268233E-06 1.273015E-06 8.596466E-07 5.289611E-07
48 -2.065313E+02 9.024854E-01 1.606674E+00 1.495202E-06 1.507508E-06 1.483968E-06 1.424330E-06 1.405801E-06 9.654543E-07 5.940671E-07
49 -2.058800E+02 6.512378E-01 2.226529E+00 1.632830E-06 1.646269E-06 1.620562E-06 1.555435E-06 1.517887E-06 1.054321E-06 6.487491E-07
50 -2.052449E+02 6.351366E-01 2.282973E+00 1.791317E-06 1.806060E-06 1.777858E-06 1.706410E-06 1.647657E-06 1.156656E-06 7.117184E-07
51 -2.044703E+02 7.746428E-01 1.871830E+00 2.009932E-06 2.026474E-06 1.994830E-06 1.914662E-06 1.827306E-06 1.297816E-06 7.985773E-07
52 -2.036244E+02 8.458500E-01 1.714252E+00 2.270153E-06 2.288837E-06 2.253096E-06 2.162549E-06 2.041666E-06 1.465842E-06 9.019674E-07
53 -2.026306E+02 9.937940E-01 1.459055E+00 2.594284E-06 2.615635E-06 2.574791E-06 2.471316E-06 2.309148E-06 1.675133E-06 1.030749E-06
54 -2.013146E+02 1.316003E+00 1.101821E+00 3.022785E-06 3.047662E-06 3.000073E-06 2.879506E-06 2.662968E-06 1.951817E-06 1.201000E-06
55 -2.003129E+02 1.001674E+00 1.447576E+00 3.359408E-06 3.387056E-06 3.334167E-06 3.200174E-06 2.941354E-06 2.169175E-06 1.334745E-06
56 -1.993177E+02 9.952008E-01 1.456992E+00 3.728681E-06 3.759368E-06 3.700665E-06 3.551944E-06 3.247610E-06 2.407615E-06 1.481463E-06
57 -1.979415E+02 1.376283E+00 1.053562E+00 4.255260E-06 4.290281E-06 4.223287E-06 4.053563E-06 3.684992E-06 2.747628E-06 1.690681E-06
58 -1.964915E+02 1.450000E+00 7.227762E-01 4.756409E-06 4.795555E-06 4.720671E-06 4.530958E-06 4.100988E-06 3.071221E-06 1.889796E-06
59 -1.950415E+02 1.450000E+00 5.579616E-01 5.160068E-06 5.202536E-06 5.121297E-06 4.915484E-06 4.435113E-06 3.331864E-06 2.050176E-06
60 -1.935915E+02 1.450000E+00 6.901083E-01 5.493407E-06 5.538617E-06 5.452131E-06 5.233022E-06 4.710333E-06 3.547101E-06 2.182616E-06
61 -1.924298E+02 1.161637E+00 1.248238E+00 5.794668E-06 5.842358E-06 5.751128E-06 5.520004E-06 4.960138E-06 3.741626E-06 2.302312E-06
62 -1.916196E+02 8.102356E-01 1.789603E+00 6.086593E-06 6.136686E-06 6.040860E-06 5.798092E-06 5.203734E-06 3.930123E-06 2.418298E-06
63 -1.907077E+02 9.119152E-01 1.590060E+00 6.511018E-06 6.564604E-06 6.462096E-06 6.202400E-06 5.559143E-06 4.204175E-06 2.586929E-06
64 -1.896138E+02 1.093892E+00 1.325542E+00 7.098318E-06 7.156738E-06 7.044984E-06 6.761862E-06 6.051830E-06 4.583395E-06 2.820273E-06
65 -1.886888E+02 9.249589E-01 1.567637E+00 7.664724E-06 7.727805E-06 7.607134E-06 7.301421E-06 6.527656E-06 4.949125E-06 3.045315E-06
66 -1.877731E+02 9.156973E-01 1.583493E+00 8.316293E-06 8.384737E-06 8.253807E-06 7.922106E-06 7.075696E-06 5.369844E-06 3.304193E-06
67 -1.868414E+02 9.317468E-01 1.556217E+00 9.073171E-06 9.147843E-06 9.004998E-06 8.643108E-06 7.712897E-06 5.858561E-06 3.604913E-06
68 -1.855342E+02 1.307122E+00 1.109307E+00 1.019410E-05 1.027800E-05 1.011751E-05 9.710908E-06 8.657080E-06 6.582348E-06 4.050276E-06
69 -1.840842E+02 1.450000E+00 6.636516E-01 1.130733E-05 1.140039E-05 1.122237E-05 1.077137E-05 9.594705E-06 7.301159E-06 4.492578E-06
70 -1.826342E+02 1.450000E+00 5.549057E-01 1.218124E-05 1.228150E-05 1.208972E-05 1.160386E-05 1.033033E-05 7.865449E-06 4.839799E-06
71 -1.811842E+02 1.450000E+00 7.816027E-01 1.293527E-05 1.304172E-05 1.283807E-05 1.232214E-05 1.096489E-05 8.352321E-06 5.139383E-06
72 -1.797342E+02 1.450000E+00 4.817361E-01 1.356865E-05 1.368032E-05 1.346670E-05 1.292550E-05 1.149772E-05 8.761297E-06 5.391035E-06
73 -1.782842E+02 1.450000E+00 5.149154E-01 1.402393E-05 1.413935E-05 1.391856E-05 1.335920E-05 1.188023E-05 9.055274E-06 5.571927E-06
74 -1.768342E+02 1.450000E+00 5.888278E-01 1.438602E-05 1.450442E-05 1.427793E-05 1.370414E-05 1.218418E-05 9.289079E-06 5.715793E-06
75 -1.753842E+02 1.450000E+00 8.672446E-01 1.480295E-05 1.492477E-05 1.469172E-05 1.410129E-05 1.253470E-05 9.558286E-06 5.881442E-06
76 -1.739342E+02 1.450000E+00 5.943337E-01 1.524923E-05 1.537473E-05 1.513465E-05 1.452642E-05 1.291024E-05 9.846451E-06 6.058757E-06
77 -1.724842E+02 1.450000E+00 3.520020E-01 1.552663E-05 1.565442E-05 1.540997E-05 1.479068E-05 1.314316E-05 1.002557E-05 6.168974E-06
78 -1.710342E+02 1.450000E+00 2.271233E-01 1.555118E-05 1.567916E-05 1.543433E-05 1.481406E-05 1.316245E-05 1.004142E-05 6.178726E-06
79 -1.695842E+02 1.450000E+00 1.965860E-01 1.534392E-05 1.547020E-05 1.522863E-05 1.461663E-05 1.298588E-05 9.907593E-06 6.096379E-06
80 -1.681342E+02 1.450000E+00 5.298418E-01 1.508170E-05 1.520582E-05 1.496838E-05 1.436684E-05 1.276297E-05 9.738279E-06 5.992196E-06
81 -1.666842E+02 1.450000E+00 4.624833E-01 1.486058E-05 1.498288E-05 1.474892E-05 1.415620E-05 1.257492E-05 9.595500E-06 5.904341E-06
82 -1.652342E+02 1.450000E+00 3.908250E-01 1.461906E-05 1.473937E-05 1.450921E-05 1.392612E-05 1.236973E-05 9.439548E-06 5.808380E-06
83 -1.637842E+02 1.450000E+00 7.352739E-01 1.444950E-05 1.456842E-05 1.434093E-05 1.376460E-05 1.222549E-05 9.330063E-06 5.741011E-06
84 -1.623342E+02 1.450000E+00 6.337431E-01 1.439884E-05 1.451734E-05 1.429065E-05 1.371634E-05 1.218186E-05 9.297353E-06 5.720884E-06
85 -1.608842E+02 1.450000E+00 4.274377E-01 1.433691E-05 1.445491E-05 1.422919E-05 1.365735E-05 1.212878E-05 9.257367E-06 5.696280E-06
86 -1.594342E+02 1.450000E+00 4.634426E-01 1.422041E-05 1.433745E-05 1.411357E-05 1.354637E-05 1.202963E-05 9.182143E-06 5.649992E-06
87 -1.579842E+02 1.450000E+00 5.168335E-01 1.409420E-05 1.421020E-05 1.398830E-05 1.342614E-05 1.192234E-05 9.100648E-06 5.599846E-06
88 -1.565342E+02 1.450000E+00 5.295381E-01 1.398053E-05 1.409559E-05 1.387549E-05 1.331786E-05 1.182570E-05 9.027251E-06 5.554683E-06
89 -1.550842E+02 1.450000E+00 6.949756E-01 1.393010E-05 1.404475E-05 1.382544E-05 1.326982E-05 1.178259E-05 8.994690E-06 5.534648E-06
90 -1.536770E+02 1.407224E+00 1.030397E+00 1.406886E-05 1.418465E-05 1.396315E-05 1.340201E-05 1.189950E-05 9.084286E-06 5.589779E-06
91 -1.525895E+02 1.087473E+00 1.333366E+00 1.439809E-05 1.451658E-05 1.428990E-05 1.371562E-05 1.217757E-05 9.296866E-06 5.720584E-06
92 -1.511395E+02 1.450000E+00 8.776963E-01 1.501673E-05 1.514032E-05 1.490390E-05 1.430495E-05 1.270029E-05 9.696327E-06 5.966382E-06
93 -1.496895E+02 1.450000E+00 7.155810E-01 1.562899E-05 1.575762E-05 1.551156E-05 1.488819E-05 1.321765E-05 1.009166E-05 6.209642E-06
94 -1.482395E+02 1.450000E+00 9.627284E-01 1.629758E-05 1.643171E-05 1.617513E-05 1.552508E-05 1.378267E-05 1.052337E-05 6.475284E-06
95 -1.467895E+02 1.450000E+00 5.920110E-01 1.696192E-05 1.710151E-05 1.683447E-05 1.615793E-05 1.434412E-05 1.095234E-05 6.739234E-06
96 -1.453395E+02 1.450000E+00 4.444553E-01 1.742634E-05 1.756976E-05 1.729541E-05 1.660035E-05 1.473657E-05 1.125222E-05 6.923759E-06
97 -1.438895E+02 1.450000E+00 7.345007E-01 1.781939E-05 1.796604E-05 1.768550E-05 1.697476E-05 1.506869E-05 1.150601E-05 7.079922E-06
98 -1.424395E+02 1.450000E+00 7.747645E-01 1.829600E-05 1.844658E-05 1.815853E-05 1.742878E-05 1.547148E-05 1.181376E-05 7.269287E-06
99 -1.409895E+02 1.450000E+00 6.494798E-01 1.879262E-05 1.894729E-05 1.865142E-05 1.790186E-05 1.589122E-05 1.213443E-05 7.466603E-06
100 -1.395395E+02 1.450000E+00 9.208143E-01 1.937998E-05 1.953948E-05 1.923436E-05 1.846138E-05 1.638768E-05 1.251368E-05 7.699969E-06
101 -1.380895E+02 1.450000E+00 5.733530E-01 1.999095E-05 2.015548E-05 1.984075E-05 1.904339E-05 1.690414E-05 1.290819E-05 7.942719E-06
102 -1.366395E+02 1.450000E+00 5.240432E-01 2.044343E-05 2.061168E-05 2.028983E-05 1.947442E-05 1.728659E-05 1.320036E-05 8.122495E-06
103 -1.351895E+02 1.450000E+00 5.750920E-01 2.078816E-05 2.095925E-05 2.063197E-05 1.980282E-05 1.757796E-05 1.342295E-05 8.259463E-06
104 -1.337395E+02 1.450000E+00 7.103980E-01 2.114658E-05 2.132061E-05 2.098769E-05 2.014424E-05 1.788090E-05 1.365438E-05 8.401865E-06
105 -1.322895E+02 1.450000E+00 7.283840E-01 2.158569E-05 2.176334E-05 2.142350E-05 2.056254E-05 1.825209E-05 1.393791E-05 8.576332E-06
106 -1.308395E+02 1.450000E+00 6.592846E-01 2.205576E-05 2.223728E-05 2.189004E-05 2.101033E-05 1.864946E-05 1.424144E-05 8.763097E-06
107 -1.293895E+02 1.450000E+00 6.558750E-01 2.251545E-05 2.270075E-05 2.234627E-05 2.144823E-05 1.903806E-05 1.453826E-05 8.945740E-06
108 -1.279395E+02 1.450000E+00 7.111705E-01 2.299947E-05 2.318876E-05 2.282666E-05 2.190931E-05 1.944724E-05 1.485079E-05 9.138048E-06
109 -1.264895E+02 1.450000E+00 7.485664E-01 2.355353E-05 2.374738E-05 2.337656E-05 2.243711E-05 1.991565E-05 1.520855E-05 9.358185E-06
110 -1.250395E+02 1.450000E+00 7.779385E-01 2.419980E-05 2.439896E-05 2.401797E-05 2.305274E-05 2.046203E-05 1.562585E-05 9.614957E-06
111 -1.235895E+02 1.450000E+00 7.592121E-01 2.492561E-05 2.513075E-05 2.473833E-05 2.374415E-05 2.107568E-05 1.609451E-05 9.903335E-06
112 -1.221395E+02 1.450000E+00 6.799334E-01 2.565962E-05 2.587080E-05 2.546682E-05 2.444337E-05 2.169626E-05 1.656846E-05 1.019497E-05
113 -1.206895E+02 1.450000E+00 7.180514E-01 2.638724E-05 2.660441E-05 2.618898E-05 2.513650E-05 2.231144E-05 1.703829E-05 1.048406E-05
114 -1.192395E+02 1.450000E+00 6.411859E-01 2.708990E-05 2.731285E-05 2.688636E-05 2.580585E-05 2.290552E-05 1.749199E-05 1.076324E-05
115 -1.177895E+02 1.450000E+00 5.245316E-01 2.765424E-05 2.788183E-05 2.744645E-05 2.634344E-05 2.338264E-05 1.785638E-05 1.098746E-05
116 -1.163395E+02 1.450000E+00 4.797385E-01 2.801851E-05 2.824911E-05 2.780799E-05 2.669045E-05 2.369062E-05 1.809160E-05 1.113219E-05
117 -1.148895E+02 1.450000E+00 5.479905E-01 2.825635E-05 2.848890E-05 2.804404E-05 2.691702E-05 2.389169E-05 1.824517E-05 1.122669E-05
118 -1.134395E+02 1.450000E+00 7.400516E-01 2.857029E-05 2.880542E-05 2.835562E-05 2.721607E-05 2.415710E-05 1.844788E-05 1.135142E-05
119 -1.119895E+02 1.450000E+00 5.669518E-01 2.893654E-05 2.917469E-05 2.871912E-05 2.756497E-05 2.446676E-05 1.868437E-05 1.149694E-05
120 -1.105395E+02 1.450000E+00 5.726682E-01 2.923334E-05 2.947393E-05 2.901369E-05 2.784769E-05 2.471769E-05 1.887601E-05 1.161486E-05
121 -1.090895E+02 1.450000E+00 8.332776E-01 2.966401E-05 2.990814E-05 2.944112E-05 2.825795E-05 2.508181E-05 1.915410E-05 1.178597E-05
122 -1.076395E+02 1.450000E+00 7.375021E-01 3.029428E-05 3.054360E-05 3.006666E-05 2.885835E-05 2.561471E-05 1.956106E-05 1.203639E-05
123 -1.061895E+02 1.450000E+00 6.503698E-01 3.094889E-05 3.120360E-05 3.071635E-05 2.948193E-05 2.616818E-05 1.998375E-05 1.229648E-05
124 -1.047395E+02 1.450000E+00 7.983424E-01 3.168230E-05 3.194305E-05 3.144425E-05 3.018058E-05 2.678829E-05 2.045731E-05 1.258787E-05
125 -1.032895E+02 1.450000E+00 8.932601E-01 3.266060E-05 3.292940E-05 3.241520E-05 3.111251E-05 2.761545E-05 2.108900E-05 1.297657E-05
126 -1.018395E+02 1.450000E+00 7.168641E-01 3.376129E-05 3.403915E-05 3.350762E-05 3.216102E-05 2.854610E-05 2.179972E-05 1.341389E-05
127 -1.003895E+02 1.450000E+00 6.015384E-01 3.473969E-05 3.502559E-05 3.447866E-05 3.309304E-05 2.937335E-05 2.243147E-05 1.380262E-05
128 -9.893955E+01 1.450000E+00 6.177954E-01 3.556668E-05 3.585940E-05 3.529944E-05 3.388084E-05 3.007259E-05 2.296546E-05 1.413120E-05
129 -9.748955E+01 1.450000E+00 7.163776E-01 3.638897E-05 3.668845E-05 3.611556E-05 3.466415E-05 3.076785E-05 2.349642E-05 1.445791E-05
130 -9.603955E+01 1.450000E+00 5.804025E-01 3.716861E-05 3.747451E-05 3.688934E-05 3.540684E-05 3.142705E-05 2.399983E-05 1.476767E-05
131 -9.458955E+01 1.450000E+00 7.090822E-01 3.792261E-05 3.823471E-05 3.763767E-05 3.612510E-05 3.206456E-05 2.448669E-05 1.506724E-05
132 -9.313955E+01 1.450000E+00 8.083309E-01 3.886042E-05 3.918024E-05 3.856843E-05 3.701846E-05 3.285750E-05 2.509223E-05 1.543985E-05
133 -9.168955E+01 1.450000E+00 7.087556E-01 3.992855E-05 4.025717E-05 3.962854E-05 3.803596E-05 3.376063E-05 2.578193E-05 1.586424E-05
134 -9.023955E+01 1.450000E+00 9.343325E-01 4.123567E-05 4.157504E-05 4.092584E-05 3.928112E-05 3.486582E-05 2.662594E-05 1.638358E-05
135 -8.878955E+01 1.450000E+00 8.553258E-01 4.286817E-05 4.322098E-05 4.254608E-05 4.083625E-05 3.624614E-05 2.768005E-05 1.703220E-05
136 -8.733955E+01 1.450000E+00 9.868338E-01 4.483723E-05 4.520624E-05 4.450034E-05 4.271197E-05 3.791102E-05 2.895147E-05 1.781453E-05
137 -8.588955E+01 1.450000E+00 9.133329E-01 4.715334E-05 4.754142E-05 4.679905E-05 4.491830E-05 3.986935E-05 3.044699E-05 1.873476E-05
138 -8.443955E+01 1.450000E+00 5.219004E-01 4.921897E-05 4.962405E-05 4.884916E-05 4.688602E-05 4.161589E-05 3.178077E-05 1.955547E-05
139 -8.298955E+01 1.450000E+00 4.426884E-01 5.059083E-05 5.100719E-05 5.021070E-05 4.819285E-05 4.277582E-05 3.266658E-05 2.010053E-05
140 -8.153955E+01 1.450000E+00 4.333822E-01 5.136892E-05 5.179169E-05 5.098295E-05 4.893406E-05 4.343371E-05 3.316899E-05 2.040967E-05
141 -8.008955E+01 1.450000E+00 5.290687E-01 5.182542E-05 5.225194E-05 5.143602E-05 4.936892E-05 4.381969E-05 3.346375E-05 2.059105E-05
142 -7.863955E+01 1.450000E+00 5.713121E-01 5.219980E-05 5.262941E-05 5.180759E-05 4.972556E-05 4.413624E-05 3.370549E-05 2.073980E-05
143 -7.718955E+01 1.450000E+00 4.588094E-01 5.240804E-05 5.283936E-05 5.201426E-05 4.992393E-05 4.431231E-05 3.383995E-05 2.082253E-05
144 -7.573955E+01 1.450000E+00 4.037747E-01 5.229249E-05 5.272285E-05 5.189958E-05 4.981385E-05 4.421460E-05 3.376534E-05 2.077662E-05
145 -7.428955E+01 1.450000E+00 5.742803E-01 5.208345E-05 5.251209E-05 5.169211E-05 4.961472E-05 4.403785E-05 3.363036E-05 2.069357E-05
146 -7.283955E+01 1.450000E+00 5.313087E-01 5.193460E-05 5.236203E-05 5.154438E-05 4.947293E-05 4.391200E-05 3.353426E-05 2.063443E-05
147 -7.138955E+01 1.450000E+00 5.467241E-01 5.178973E-05 5.221596E-05 5.140060E-05 4.933493E-05 4.378951E-05 3.344071E-05 2.057687E-05
148 -6.993955E+01 1.450000E+00 5.206432E-01 5.162949E-05 5.205440E-05 5.124156E-05 4.918228E-05 4.365402E-05 3.333724E-05 2.051320E-05
149 -6.848955E+01 1.450000E+00 4.208513E-01 5.131265E-05 5.173495E-05 5.092710E-05 4.888046E-05 4.338612E-05 3.313266E-05 2.038732E-05
150 -6.703955E+01 1.450000E+00 4.782592E-01 5.084482E-05 5.126327E-05 5.046278E-05 4.843480E-05 4.299056E-05 3.283058E-05 2.020144E-05
151 -6.558955E+01 1.450000E+00 5.823265E-01 5.044522E-05 5.086039E-05 5.006620E-05 4.805415E-05 4.265269E-05 3.257256E-05 2.004268E-05
152 -6.413955E+01 1.450000E+00 4.584983E-01 5.005948E-05 5.047147E-05 4.968335E-05 4.768669E-05 4.232653E-05 3.232348E-05 1.988941E-05
153 -6.268955E+01 1.450000E+00 5.192748E-01 4.962230E-05 5.003070E-05 4.924946E-05 4.727024E-05 4.195689E-05 3.204120E-05 1.971572E-05
154 -6.123955E+01 1.450000E+00 5.575355E-01 4.925204E-05 4.965739E-05 4.888198E-05 4.691752E-05 4.164383E-05 3.180212E-05 1.956861E-05
155 -5.978955E+01 1.450000E+00 5.744473E-01 4.898452E-05 4.938766E-05 4.861646E-05 4.666268E-05 4.141762E-05 3.162938E-05 1.946231E-05
156 -5.833955E+01 1.450000E+00 6.088524E-01 4.884404E-05 4.924603E-05 4.847704E-05 4.652886E-05 4.129885E-05 3.153868E-05 1.940650E-05
157 -5.688955E+01 1.450000E+00 7.130399E-01 4.894329E-05 4.934609E-05 4.857554E-05 4.662340E-05 4.138277E-05 3.160276E-05 1.944593E-05
158 -5.543955E+01 1.450000E+00 7.472951E-01 4.936255E-05 4.976881E-05 4.899166E-05 4.702279E-05 4.173726E-05 3.187348E-05 1.961251E-05
159 -5.398955E+01 1.450000E+00 7.076295E-01 5.001452E-05 5.042614E-05 4.963872E-05 4.764386E-05 4.228851E-05 3.229445E-05 1.987155E-05
160 -5.253955E+01 1.450000E+00 7.412436E-01 5.084868E-05 5.126716E-05 5.046662E-05 4.843848E-05 4.299382E-05 3.283307E-05 2.020297E-05
161 -5.108955E+01 1.450000E+00 8.350273E-01 5.198285E-05 5.241067E-05 5.159227E-05 4.951890E-05 4.395279E-05 3.356541E-05 2.065360E-05
162 -4.963955E+01 1.450000E+00 7.493559E-01 5.335892E-05 5.379806E-05 5.295800E-05 5.082974E-05 4.511629E-05 3.445394E-05 2.120033E-05
163 -4.818955E+01 1.450000E+00 6.057693E-01 5.465319E-05 5.510299E-05 5.424255E-05 5.206266E-05 4.621063E-05 3.528965E-05 2.171457E-05
164 -4.673955E+01 1.450000E+00 5.639812E-01 5.568186E-05 5.614012E-05 5.526348E-05 5.304257E-05 4.708039E-05 3.595386E-05 2.212327E-05
165 -4.528955E+01 1.450000E+00 7.260524E-01 5.669452E-05 5.716112E-05 5.626854E-05 5.400723E-05 4.793662E-05 3.660774E-05 2.252562E-05
166 -4.383955E+01 1.450000E+00 7.600775E-01 5.794699E-05 5.842389E-05 5.751159E-05 5.520033E-05 4.899561E-05 3.741646E-05 2.302324E-05
167 -4.238955E+01 1.450000E+00 6.310332E-01 5.924209E-05 5.972965E-05 5.879696E-05 5.643405E-05 5.009065E-05 3.825271E-05 2.353781E-05
168 -4.093955E+01 1.450000E+00 6.185760E-01 6.039257E-05 6.088960E-05 5.993880E-05 5.752999E-05 5.106341E-05 3.899558E-05 2.399491E-05
169 -3.948955E+01 1.450000E+00 6.512701E-01 6.147740E-05 6.198336E-05 6.101548E-05 5.856341E-05 5.198066E-05 3.969605E-05 2.442593E-05
170 -3.803955E+01 1.450000E+00 6.762394E-01 6.259862E-05 6.311381E-05 6.212827E-05 5.963148E-05 5.292868E-05 4.042003E-05 2.487141E-05
171 -3.658955E+01 1.450000E+00 6.424221E-01 6.373187E-05 6.425639E-05 6.325301E-05 6.071102E-05 5.388687E-05 4.115177E-05 2.532167E-05
172 -3.513955E+01 1.450000E+00 5.687514E-01 6.471780E-05 6.525043E-05 6.423153E-05 6.165021E-05 5.472050E-05 4.178838E-05 2.571339E-05
173 -3.368955E+01 1.450000E+00 5.661207E-01 6.549224E-05 6.603124E-05 6.500015E-05 6.238795E-05 5.537531E-05 4.228844E-05 2.602109E-05
174 -3.223955E+01 1.450000E+00 7.343304E-01 6.636933E-05 6.691555E-05 6.587065E-05 6.322346E-05 5.611691E-05 4.285478E-05 2.636957E-05
175 -3.078955E+01 1.450000E+00 7.568780E-01 6.759511E-05 6.815142E-05 6.708722E-05 6.439114E-05 5.715334E-05 4.364627E-05 2.685659E-05
176 -2.933955E+01 1.450000E+00 6.740998E-01 6.897844E-05 6.954614E-05 6.846016E-05 6.570890E-05 5.832298E-05 4.453949E-05 2.740621E-05
177 -2.788955E+01 1.450000E+00 6.190431E-01 7.027489E-05 7.085325E-05 6.974687E-05 6.694390E-05 5.941916E-05 4.537661E-05 2.792131E-05
178 -2.643955E+01 1.450000E+00 6.477163E-01 7.148498E-05 7.207330E-05 7.094786E-05 6.809663E-05 6.044232E-05 4.615796E-05 2.840210E-05
179 -2.498955E+01 1.450000E+00 7.938254E-01 7.293310E-05 7.353335E-05 7.238511E-05 6.947612E-05 6.166674E-05 4.709302E-05 2.897746E-05
180 -2.353955E+01 1.450000E+00 7.100683E-01 7.464968E-05 7.526405E-05 7.408878E-05 7.111133E-05 6.311815E-05 4.820141E-05 2.965948E-05
181 -2.208955E+01 1.450000E+00 5.772768E-01 7.620089E-05 7.682802E-05 7.562834E-05 7.258901E-05 6.442974E-05 4.920303E-05 3.027580E-05
182 -2.063955E+01 1.450000E+00 4.324277E-01 7.716162E-05 7.779667E-05 7.658186E-05 7.350421E-05 6.524206E-05 4.982338E-05 3.065752E-05
183 -1.918955E+01 1.450000E+00 4.593418E-01 7.751145E-05 7.814937E-05 7.692905E-05 7.383745E-05 6.553784E-05 5.004926E-05 3.079651E-05
184 -1.773955E+01 1.450000E+00 6.501697E-01 7.780750E-05 7.844786E-05 7.722288E-05 7.411947E-05 6.578816E-05 5.024042E-05 3.091414E-05
185 -1.628955E+01 1.450000E+00 6.340792E-01 7.833626E-05 7.898097E-05 7.774766E-05 7.462316E-05 6.623524E-05 5.058184E-05 3.112422E-05
186 -1.483955E+01 1.450000E+00 5.305243E-01 7.880414E-05 7.945270E-05 7.821203E-05 7.506887E-05 6.663085E-05 5.088396E-05 3.131012E-05
187 -1.338955E+01 1.450000E+00 4.593026E-01 7.892451E-05 7.957407E-05 7.833150E-05 7.518354E-05 6.673263E-05 5.096168E-05 3.135794E-05
188 -1.193955E+01 1.450000E+00 4.593026E-01 7.867873E-05 7.932625E-05 7.808756E-05 7.494940E-05 6.652481E-05 5.080298E-05 3.126029E-05
189 -1.048955E+01 1.450000E+00 4.593026E-01 7.816877E-05 7.881211E-05 7.758144E-05 7.446362E-05 6.609363E-05 5.047370E-05 3.105768E-05
190 -9.039549E+00 1.450000E+00 4.593026E-01 7.746453E-05 7.810207E-05 7.688249E-05 7.379276E-05 6.549818E-05 5.001897E-05 3.077787E-05
191 -7.589549E+00 1.450000E+00 4.593026E-01 7.661585E-05 7.724640E-05 7.604018E-05 7.298430E-05 6.478060E-05 4.947097E-05 3.044067E-05
192 -6.139549E+00 1.450000E+00 4.593026E-01 7.565949E-05 7.628217E-05 7.509101E-05 7.207327E-05 6.397197E-05 4.885345E-05 3.006070E-05
193 -4.689549E+00 1.450000E+00 4.593026E-01 7.462325E-05 7.523740E-05 7.406255E-05 7.108615E-05 6.309580E-05 4.818435E-05 2.964898E-05
194 -3.239549E+00 1.450000E+00 4.593026E-01 7.352853E-05 7.413367E-05 7.297606E-05 7.004332E-05 6.217019E-05 4.747749E-05 2.921403E-05
195 -1.789549E+00 1.450000E+00 4.593026E-01 7.239201E-05 7.298780E-05 7.184808E-05 6.896067E-05 6.120923E-05 4.674363E-05 2.876248E-05
196 -3.395487E-01 1.450000E+00 4.593026E-01 7.122678E-05 7.181298E-05 7.069161E-05 6.785067E-05 6.022401E-05 4.599124E-05 2.829951E-05
197 1.110451E+00 1.450000E+00 4.593026E-01 7.004318E-05 7.061963E-05 6.951690E-05 6.672317E-05 5.922324E-05 4.522699E-05 2.782925E-05
198 2.560451E+00 1.450000E+00 4.593026E-01 6.884936E-05 6.941600E-05 6.833205E-05 6.558594E-05 5.821384E-05 4.445614E-05 2.735493E-05
199 4.010451E+00 1.450000E+00 4.593026E-01 6.765180E-05 6.820858E-05 6.714348E-05 6.444514E-05 5.720127E-05 4.368287E-05 2.687912E-05
200 5.460451E+00 1.450000E+00 4.593026E-01 6.645558E-05 6.700251E-05 6.595626E-05 6.330563E-05 5.618984E-05 4.291047E-05 2.640384E-05
201 6.910451E+00 1.450000E+00 4.593026E-01 6.526473E-05 6.580186E-05 6.477435E-05 6.217122E-05 5.518295E-05 4.214154E-05 2.593070E-05
202 8.360451E+00 1.450000E+00 4.593026E-01 6.408240E-05 6.460980E-05 6.360091E-05 6.104493E-05 5.418326E-05 4.137811E-05 2.546094E-05
203 9.810451E+00 1.450000E+00 4.593026E-01 6.291106E-05 6.342882E-05 6.243836E-05 5.992911E-05 5.319285E-05 4.062177E-05 2.499555E-05
204 1.126045E+01 1.450000E+00 4.593026E-01 6.175260E-05 6.226082E-05 6.128861E-05 5.882556E-05 5.221335E-05 3.987375E-05 2.453527E-05
205 1.271045E+01 1.450000E+00 4.593026E-01 6.060850E-05 6.110731E-05 6.015310E-05 5.773569E-05 5.124598E-05 3.913500E-05 2.408070E-05
206 1.416045E+01 1.450000E+00 4.593026E-01 5.947986E-05 5.996938E-05 5.903294E-05 5.666054E-05 5.029169E-05 3.840624E-05 2.363228E-05
207 1.561045E+01 1.450000E+00 4.593026E-01 5.836750E-05 5.884787E-05 5.792894E-05 5.560091E-05 4.935116E-05 3.768799E-05 2.319032E-05
208 1.706045E+01 1.450000E+00 4.593026E-01 5.727202E-05 5.774337E-05 5.684170E-05 5.455736E-05 4.842491E-05 3.698064E-05 2.275507E-05
209 1.851045E+01 1.450000E+00 4.593026E-01 5.619384E-05 5.665632E-05 5.577162E-05 5.353029E-05 4.751328E-05 3.628445E-05 2.232669E-05
210 1.996045E+01 1.450000E+00 4.593026E-01 5.513322E-05 5.558697E-05 5.471897E-05 5.251994E-05 4.661650E-05 3.559961E-05 2.190529E-05
211 2.141045E+01 1.450000E+00 4.593026E-01 5.409031E-05 5.453548E-05 5.368390E-05 5.152646E-05 4.573470E-05 3.492620E-05 2.149093E-05
212 2.286045E+01 1.450000E+00 4.593026E-01 5.306518E-05 5.350191E-05 5.266646E-05 5.054992E-05 4.486792E-05 3.426427E-05 2.108363E-05
213 2.431045E+01 1.450000E+00 4.593026E-01 5.205780E-05 5.248624E-05 5.166666E-05 4.959029E-05 4.401616E-05 3.361381E-05 2.068338E-05
214 2.576045E+01 1.450000E+00 4.593026E-01 5.106811E-05 5.148841E-05 5.068440E-05 4.864751E-05 4.317935E-05 3.297476E-05 2.029016E-05
