0 -2.195500E+02 1.450000E+00 0.000000E+00 1.711784E-01 1.725872E-01 1.698922E-01 1.630646E-01 1.447355E-01 1.105301E-01 6.801184E-02
1 -2.195069E+02 4.305400E-02 3.367863E+01 1.711783E-01 1.725871E-01 1.698921E-01 1.630646E-01 1.447355E-01 1.105301E-01 6.801183E-02
2 -2.194487E+02 5.820287E-02 2.491286E+01 1.711783E-01 1.725871E-01 1.698921E-01 1.630645E-01 1.447355E-01 1.105301E-01 6.801181E-02
3 -2.193898E+02 5.895497E-02 2.459504E+01 1.711783E-01 1.725871E-01 1.698921E-01 1.630645E-01 1.447355E-01 1.105301E-01 6.801180E-02
4 -2.193297E+02 6.006175E-02 2.414182E+01 1.711782E-01 1.725870E-01 1.698921E-01 1.630645E-01 1.447354E-01 1.105301E-01 6.801179E-02
5 -2.192683E+02 6.141824E-02 2.360862E+01 1.711782E-01 1.725870E-01 1.698920E-01 1.630645E-01 1.447354E-01 1.105300E-01 6.801178E-02
6 -2.192053E+02 6.303161E-02 2.300433E+01 1.711782E-01 1.725870E-01 1.698920E-01 1.630644E-01 1.447354E-01 1.105300E-01 6.801177E-02
7 -2.191404E+02 6.491151E-02 2.233810E+01 1.711781E-01 1.725870E-01 1.698920E-01 1.630644E-01 1.447354E-01 1.105300E-01 6.801175E-02
8 -2.190733E+02 6.707092E-02 2.161891E+01 1.711781E-01 1.725869E-01 1.698919E-01 1.630644E-01 1.447353E-01 1.105300E-01 6.801174E-02
9 -2.190038E+02 6.952612E-02 2.085547E+01 1.711781E-01 1.725869E-01 1.698919E-01 1.630643E-01 1.447353E-01 1.105300E-01 6.801173E-02
10 -2.189315E+02 7.229681E-02 2.005621E+01 1.711780E-01 1.725868E-01 1.698919E-01 1.630643E-01 1.447353E-01 1.105299E-01 6.801171E-02
11 -2.188506E+02 8.085372E-02 1.793362E+01 1.711780E-01 1.725868E-01 1.698918E-01 1.630643E-01 1.447352E-01 1.105299E-01 6.801169E-02
12 -2.187583E+02 9.233840E-02 1.570311E+01 1.711780E-01 1.725868E-01 1.698918E-01 1.630642E-01 1.447352E-01 1.105299E-01 6.801168E-02
13 -2.186503E+02 1.080253E-01 1.342278E+01 1.711779E-01 1.725867E-01 1.698917E-01 1.630642E-01 1.447352E-01 1.105298E-01 6.801166E-02
14 -2.185195E+02 1.307257E-01 1.109193E+01 1.711778E-01 1.725866E-01 1.698917E-01 1.630641E-01 1.447351E-01 1.105298E-01 6.801163E-02
15 -2.183529E+02 1.666540E-01 8.700659E+00 1.711778E-01 1.725866E-01 1.698916E-01 1.630641E-01 1.447351E-01 1.105298E-01 6.801161E-02
16 -2.181196E+02 2.332589E-01 6.216269E+00 1.711777E-01 1.725865E-01 1.698915E-01 1.630640E-01 1.447350E-01 1.105297E-01 6.801158E-02
17 -2.177100E+02 4.095887E-01 3.540137E+00 1.711776E-01 1.725864E-01 1.698915E-01 1.630639E-01 1.447349E-01 1.105297E-01 6.801155E-02
18 -2.167461E+02 9.639761E-01 1.504187E+00 1.711775E-01 1.725863E-01 1.698913E-01 1.630638E-01 1.447348E-01 1.105296E-01 6.801151E-02
19 -2.152961E+02 1.450000E+00 0.000000E+00 1.711775E-01 1.725863E-01 1.698913E-01 1.630638E-01 1.447348E-01 1.105296E-01 6.801151E-02
20 -2.151771E+02 1.189842E-01 1.218650E+01 1.711774E-01 1.725862E-01 1.698912E-01 1.630637E-01 1.447347E-01 1.105295E-01 6.801144E-02
21 -2.150690E+02 1.081020E-01 1.341326E+01 1.711772E-01 1.725860E-01 1.698910E-01 1.630635E-01 1.447346E-01 1.105294E-01 6.801138E-02
22 -2.149717E+02 9.729878E-02 1.490255E+01 1.711770E-01 1.725858E-01 1.698909E-01 1.630633E-01 1.447344E-01 1.105293E-01 6.801131E-02
23 -2.148800E+02 9.168337E-02 1.581530E+01 1.711769E-01 1.725856E-01 1.698907E-01 1.630632E-01 1.447343E-01 1.105292E-01 6.801124E-02
24 -2.147891E+02 9.086890E-02 1.595705E+01 1.711767E-01 1.725855E-01 1.698905E-01 1.630630E-01 1.447341E-01 1.105291E-01 6.801117E-02
25 -2.146984E+02 9.070713E-02 1.598551E+01 1.711765E-01 1.725853E-01 1.698903E-01 1.630628E-01 1.447340E-01 1.105289E-01 6.801110E-02
26 -2.146073E+02 9.114479E-02 1.590875E+01 1.711763E-01 1.725851E-01 1.698901E-01 1.630626E-01 1.447338E-01 1.105288E-01 6.801102E-02
27 -2.145151E+02 9.212861E-02 1.573887E+01 1.711761E-01 1.725849E-01 1.698899E-01 1.630625E-01 1.447336E-01 1.105287E-01 6.801094E-02
28 -2.144215E+02 9.362488E-02 1.548734E+01 1.711759E-01 1.725847E-01 1.698897E-01 1.630622E-01 1.447334E-01 1.105285E-01 6.801086E-02
29 -2.143259E+02 9.561451E-02 1.516506E+01 1.711757E-01 1.725844E-01 1.698895E-01 1.630620E-01 1.447333E-01 1.105284E-01 6.801077E-02
30 -2.142278E+02 9.808993E-02 1.478235E+01 1.711754E-01 1.725842E-01 1.698893E-01 1.630618E-01 1.447331E-01 1.105282E-01 6.801067E-02
31 -2.141268E+02 1.010531E-01 1.434890E+01 1.711752E-01 1.725839E-01 1.698890E-01 1.630616E-01 1.447328E-01 1.105281E-01 6.801057E-02
32 -2.140222E+02 1.045140E-01 1.387374E+01 1.711749E-01 1.725837E-01 1.698887E-01 1.630613E-01 1.447326E-01 1.105279E-01 6.801046E-02
33 -2.139137E+02 1.084899E-01 1.336529E+01 1.711746E-01 1.725834E-01 1.698884E-01 1.630610E-01 1.447324E-01 1.105277E-01 6.801034E-02
34 -2.137942E+02 1.195376E-01 1.213007E+01 1.711743E-01 1.725830E-01 1.698881E-01 1.630607E-01 1.447321E-01 1.105275E-01 6.801022E-02
35 -2.136589E+02 1.352905E-01 1.071768E+01 1.711739E-01 1.725827E-01 1.698878E-01 1.630604E-01 1.447318E-01 1.105273E-01 6.801008E-02
36 -2.135031E+02 1.557998E-01 9.306817E+00 1.711735E-01 1.725823E-01 1.698874E-01 1.630600E-01 1.447315E-01 1.105270E-01 6.800993E-02
37 -2.133197E+02 1.833998E-01 7.906226E+00 1.711731E-01 1.725819E-01 1.698870E-01 1.630596E-01 1.447311E-01 1.105268E-01 6.800976E-02
38 -2.130975E+02 2.222092E-01 6.525382E+00 1.711726E-01 1.725814E-01 1.698865E-01 1.630592E-01 1.447307E-01 1.105264E-01 6.800957E-02
39 -2.128171E+02 2.804361E-01 5.170519E+00 1.711721E-01 1.725808E-01 1.698860E-01 1.630586E-01 1.447302E-01 1.105261E-01 6.800935E-02
40 -2.124768E+02 3.402733E-01 4.261281E+00 1.711714E-01 1.725802E-01 1.698853E-01 1.630580E-01 1.447297E-01 1.105257E-01 6.800909E-02
41 -2.120800E+02 3.968163E-01 3.654084E+00 1.711707E-01 1.725794E-01 1.698846E-01 1.630573E-01 1.447291E-01 1.105252E-01 6.800879E-02
42 -2.116157E+02 4.643135E-01 3.122890E+00 1.711698E-01 1.725785E-01 1.698837E-01 1.630565E-01 1.447283E-01 1.105246E-01 6.800844E-02
43 -2.111161E+02 4.995606E-01 2.902551E+00 1.711688E-01 1.725775E-01 1.698827E-01 1.630555E-01 1.447274E-01 1.105240E-01 6.800803E-02
44 -2.105913E+02 5.248249E-01 2.762826E+00 1.711676E-01 1.725763E-01 1.698815E-01 1.630544E-01 1.447264E-01 1.105232E-01 6.800756E-02
45 -2.099143E+02 6.770085E-01 2.141775E+00 1.711662E-01 1.725749E-01 1.698801E-01 1.630530E-01 1.447253E-01 1.105223E-01 6.800702E-02
46 -2.088838E+02 1.030517E+00 1.407061E+00 1.711646E-01 1.725733E-01 1.698785E-01 1.630515E-01 1.447239E-01 1.105213E-01 6.800637E-02
47 -2.074338E+02 1.450000E+00 8.032172E-01 1.711631E-01 1.725717E-01 1.698770E-01 1.630500E-01 1.447226E-01 1.105203E-01 6.800576E-02
48 -2.065313E+02 9.024854E-01 1.606674E+00 1.711609E-01 1.725696E-01 1.698749E-01 1.630480E-01 1.447208E-01 1.105189E-01 6.800491E-02
49 -2.058800E+02 6.512378E-01 2.226529E+00 1.711586E-01 1.725673E-01 1.698726E-01 1.630458E-01 1.447189E-01 1.105174E-01 6.800400E-02
50 -2.052449E+02 6.351366E-01 2.282973E+00 1.711562E-01 1.725648E-01 1.698701E-01 1.630434E-01 1.447168E-01 1.105158E-01 6.800302E-02
51 -2.044703E+02 7.746428E-01 1.871830E+00 1.711534E-01 1.725620E-01 1.698674E-01 1.630408E-01 1.447145E-01 1.105140E-01 6.800193E-02
52 -2.036244E+02 8.458500E-01 1.714252E+00 1.711504E-01 1.725589E-01 1.698644E-01 1.630379E-01 1.447119E-01 1.105121E-01 6.800072E-02
53 -2.026306E+02 9.937940E-01 1.459055E+00 1.711469E-01 1.725555E-01 1.698610E-01 1.630347E-01 1.447090E-01 1.105098E-01 6.799935E-02
54 -2.013146E+02 1.316003E+00 1.101821E+00 1.711430E-01 1.725516E-01 1.698571E-01 1.630310E-01 1.447057E-01 1.105073E-01 6.799781E-02
55 -2.003129E+02 1.001674E+00 1.447576E+00 1.711387E-01 1.725472E-01 1.698528E-01 1.630268E-01 1.447020E-01 1.105045E-01 6.799609E-02
56 -1.993177E+02 9.952008E-01 1.456992E+00 1.711340E-01 1.725424E-01 1.698481E-01 1.630223E-01 1.446980E-01 1.105015E-01 6.799421E-02
57 -1.979415E+02 1.376283E+00 1.053562E+00 1.711287E-01 1.725371E-01 1.698429E-01 1.630173E-01 1.446936E-01 1.104981E-01 6.799212E-02
58 -1.964915E+02 1.450000E+00 7.227762E-01 1.711245E-01 1.725329E-01 1.698388E-01 1.630133E-01 1.446900E-01 1.104954E-01 6.799045E-02
59 -1.950415E+02 1.450000E+00 5.579616E-01 1.711211E-01 1.725294E-01 1.698354E-01 1.630101E-01 1.446871E-01 1.104932E-01 6.798909E-02
60 -1.935915E+02 1.450000E+00 6.901083E-01 1.711167E-01 1.725250E-01 1.698310E-01 1.630059E-01 1.446834E-01 1.104903E-01 6.798735E-02
61 -1.924298E+02 1.161637E+00 1.248238E+00 1.711102E-01 1.725184E-01 1.698245E-01 1.629997E-01 1.446779E-01 1.104861E-01 6.798475E-02
62 -1.916196E+02 8.102356E-01 1.789603E+00 1.711033E-01 1.725115E-01 1.698177E-01 1.629931E-01 1.446721E-01 1.104817E-01 6.798203E-02
63 -1.907077E+02 9.119152E-01 1.590060E+00 1.710960E-01 1.725041E-01 1.698104E-01 1.629862E-01 1.446659E-01 1.104770E-01 6.797912E-02
64 -1.896138E+02 1.093892E+00 1.325542E+00 1.710880E-01 1.724960E-01 1.698025E-01 1.629785E-01 1.446591E-01 1.104718E-01 6.797592E-02
65 -1.886888E+02 9.249589E-01 1.567637E+00 1.710791E-01 1.724871E-01 1.697937E-01 1.629700E-01 1.446516E-01 1.104660E-01 6.797240E-02
66 -1.877731E+02 9.156973E-01 1.583493E+00 1.710694E-01 1.724773E-01 1.697840E-01 1.629608E-01 1.446434E-01 1.104598E-01 6.796854E-02
67 -1.868414E+02 9.317468E-01 1.556217E+00 1.710587E-01 1.724665E-01 1.697734E-01 1.629506E-01 1.446344E-01 1.104529E-01 6.796429E-02
68 -1.855342E+02 1.307122E+00 1.109307E+00 1.710467E-01 1.724544E-01 1.697615E-01 1.629392E-01 1.446242E-01 1.104451E-01 6.795953E-02
69 -1.840842E+02 1.450000E+00 6.636516E-01 1.710379E-01 1.724455E-01 1.697528E-01 1.629308E-01 1.446168E-01 1.104394E-01 6.795603E-02
70 -1.826342E+02 1.450000E+00 5.549057E-01 1.710300E-01 1.724376E-01 1.697450E-01 1.629233E-01 1.446101E-01 1.104344E-01 6.795290E-02
71 -1.811842E+02 1.450000E+00 7.816027E-01 1.710186E-01 1.724261E-01 1.697336E-01 1.629124E-01 1.446004E-01 1.104270E-01 6.794835E-02
72 -1.797342E+02 1.450000E+00 4.817361E-01 1.710113E-01 1.724188E-01 1.697264E-01 1.629055E-01 1.445943E-01 1.104223E-01 6.794548E-02
73 -1.782842E+02 1.450000E+00 5.149154E-01 1.710035E-01 1.724109E-01 1.697187E-01 1.628981E-01 1.445877E-01 1.104172E-01 6.794238E-02
74 -1.768342E+02 1.450000E+00 5.888278E-01 1.709946E-01 1.724019E-01 1.697098E-01 1.628896E-01 1.445802E-01 1.104115E-01 6.793884E-02
75 -1.753842E+02 1.450000E+00 8.672446E-01 1.709814E-01 1.723886E-01 1.696967E-01 1.628770E-01 1.445690E-01 1.104030E-01 6.793359E-02
76 -1.739342E+02 1.450000E+00 5.943337E-01 1.709722E-01 1.723793E-01 1.696875E-01 1.628682E-01 1.445612E-01 1.103970E-01 6.792992E-02
77 -1.724842E+02 1.450000E+00 3.520020E-01 1.709666E-01 1.723737E-01 1.696820E-01 1.628629E-01 1.445565E-01 1.103934E-01 6.792772E-02
78 -1.710342E+02 1.450000E+00 2.271233E-01 1.709631E-01 1.723701E-01 1.696785E-01 1.628596E-01 1.445535E-01 1.103911E-01 6.792631E-02
79 -1.695842E+02 1.450000E+00 1.965860E-01 1.709602E-01 1.723672E-01 1.696756E-01 1.628568E-01 1.445511E-01 1.103893E-01 6.792515E-02
80 -1.681342E+02 1.450000E+00 5.298418E-01 1.709527E-01 1.723596E-01 1.696682E-01 1.628496E-01 1.445447E-01 1.103844E-01 6.792216E-02
81 -1.666842E+02 1.450000E+00 4.624833E-01 1.709463E-01 1.723532E-01 1.696619E-01 1.628436E-01 1.445393E-01 1.103803E-01 6.791965E-02
82 -1.652342E+02 1.450000E+00 3.908250E-01 1.709411E-01 1.723480E-01 1.696567E-01 1.628386E-01 1.445350E-01 1.103770E-01 6.791758E-02
83 -1.637842E+02 1.450000E+00 7.352739E-01 1.709316E-01 1.723383E-01 1.696472E-01 1.628295E-01 1.445269E-01 1.103708E-01 6.791378E-02
84 -1.623342E+02 1.450000E+00 6.337431E-01 1.709233E-01 1.723300E-01 1.696390E-01 1.628216E-01 1.445199E-01 1.103655E-01 6.791050E-02
85 -1.608842E+02 1.450000E+00 4.274377E-01 1.709177E-01 1.723244E-01 1.696335E-01 1.628163E-01 1.445152E-01 1.103618E-01 6.790828E-02
86 -1.594342E+02 1.450000E+00 4.634426E-01 1.709117E-01 1.723183E-01 1.696275E-01 1.628106E-01 1.445101E-01 1.103579E-01 6.790589E-02
87 -1.579842E+02 1.450000E+00 5.168335E-01 1.709050E-01 1.723116E-01 1.696209E-01 1.628042E-01 1.445044E-01 1.103537E-01 6.790324E-02
88 -1.565342E+02 1.450000E+00 5.295381E-01 1.708983E-01 1.723048E-01 1.696142E-01 1.627978E-01 1.444987E-01 1.103493E-01 6.790056E-02
89 -1.550842E+02 1.450000E+00 6.949756E-01 1.708895E-01 1.722959E-01 1.696054E-01 1.627894E-01 1.444913E-01 1.103436E-01 6.789705E-02
90 -1.536770E+02 1.407224E+00 1.030397E+00 1.708765E-01 1.722829E-01 1.695926E-01 1.627771E-01 1.444803E-01 1.103353E-01 6.789192E-02
91 -1.525895E+02 1.087473E+00 1.333366E+00 1.708631E-01 1.722693E-01 1.695792E-01 1.627642E-01 1.444689E-01 1.103265E-01 6.788656E-02
92 -1.511395E+02 1.450000E+00 8.776963E-01 1.708504E-01 1.722565E-01 1.695666E-01 1.627522E-01 1.444582E-01 1.103183E-01 6.788152E-02
93 -1.496895E+02 1.450000E+00 7.155810E-01 1.708393E-01 1.722453E-01 1.695556E-01 1.627416E-01 1.444488E-01 1.103112E-01 6.787711E-02
94 -1.482395E+02 1.450000E+00 9.627284E-01 1.708235E-01 1.722293E-01 1.695399E-01 1.627265E-01 1.444355E-01 1.103010E-01 6.787083E-02
95 -1.467895E+02 1.450000E+00 5.920110E-01 1.708132E-01 1.722190E-01 1.695298E-01 1.627168E-01 1.444268E-01 1.102944E-01 6.786677E-02
96 -1.453395E+02 1.450000E+00 4.444553E-01 1.708053E-01 1.722111E-01 1.695219E-01 1.627092E-01 1.444201E-01 1.102893E-01 6.786362E-02
97 -1.438895E+02 1.450000E+00 7.345007E-01 1.707921E-01 1.721977E-01 1.695088E-01 1.626966E-01 1.444089E-01 1.102807E-01 6.785836E-02
98 -1.424395E+02 1.450000E+00 7.747645E-01 1.707779E-01 1.721834E-01 1.694947E-01 1.626831E-01 1.443969E-01 1.102715E-01 6.785272E-02
99 -1.409895E+02 1.450000E+00 6.494798E-01 1.707657E-01 1.721711E-01 1.694826E-01 1.626715E-01 1.443866E-01 1.102637E-01 6.784787E-02
100 -1.395395E+02 1.450000E+00 9.208143E-01 1.707478E-01 1.721531E-01 1.694649E-01 1.626545E-01 1.443715E-01 1.102521E-01 6.784078E-02
101 -1.380895E+02 1.450000E+00 5.733530E-01 1.707363E-01 1.721415E-01 1.694535E-01 1.626435E-01 1.443618E-01 1.102447E-01 6.783621E-02
102 -1.366395E+02 1.450000E+00 5.240432E-01 1.707256E-01 1.721306E-01 1.694428E-01 1.626333E-01 1.443527E-01 1.102378E-01 6.783193E-02
103 -1.351895E+02 1.450000E+00 5.750920E-01 1.707136E-01 1.721186E-01 1.694309E-01 1.626219E-01 1.443426E-01 1.102301E-01 6.782720E-02
104 -1.337395E+02 1.450000E+00 7.103980E-01 1.706988E-01 1.721037E-01 1.694162E-01 1.626078E-01 1.443301E-01 1.102205E-01 6.782130E-02
105 -1.322895E+02 1.450000E+00 7.283840E-01 1.706833E-01 1.720881E-01 1.694009E-01 1.625931E-01 1.443170E-01 1.102105E-01 6.781516E-02
106 -1.308395E+02 1.450000E+00 6.592846E-01 1.706690E-01 1.720737E-01 1.693867E-01 1.625794E-01 1.443049E-01 1.102013E-01 6.780948E-02
107 -1.293895E+02 1.450000E+00 6.558750E-01 1.706545E-01 1.720590E-01 1.693723E-01 1.625656E-01 1.442926E-01 1.101919E-01 6.780370E-02
108 -1.279395E+02 1.450000E+00 7.111705E-01 1.706384E-01 1.720428E-01 1.693563E-01 1.625502E-01 1.442790E-01 1.101815E-01 6.779731E-02
109 -1.264895E+02 1.450000E+00 7.485664E-01 1.706211E-01 1.720253E-01 1.693391E-01 1.625337E-01 1.442643E-01 1.101703E-01 6.779041E-02
110 -1.250395E+02 1.450000E+00 7.779385E-01 1.706025E-01 1.720065E-01 1.693206E-01 1.625160E-01 1.442486E-01 1.101583E-01 6.778302E-02
111 -1.235895E+02 1.450000E+00 7.592121E-01 1.705837E-01 1.719876E-01 1.693020E-01 1.624981E-01 1.442327E-01 1.101462E-01 6.777556E-02
112 -1.221395E+02 1.450000E+00 6.799334E-01 1.705663E-01 1.719701E-01 1.692847E-01 1.624815E-01 1.442180E-01 1.101349E-01 6.776865E-02
113 -1.206895E+02 1.450000E+00 7.180514E-01 1.705474E-01 1.719510E-01 1.692659E-01 1.624635E-01 1.442020E-01 1.101227E-01 6.776113E-02
114 -1.192395E+02 1.450000E+00 6.411859E-01 1.705300E-01 1.719335E-01 1.692487E-01 1.624470E-01 1.441873E-01 1.101115E-01 6.775423E-02
115 -1.177895E+02 1.450000E+00 5.245316E-01 1.705155E-01 1.719189E-01 1.692343E-01 1.624332E-01 1.441751E-01 1.101021E-01 6.774848E-02
116 -1.163395E+02 1.450000E+00 4.797385E-01 1.705022E-01 1.719054E-01 1.692211E-01 1.624205E-01 1.441638E-01 1.100935E-01 6.774319E-02
117 -1.148895E+02 1.450000E+00 5.479905E-01 1.704870E-01 1.718901E-01 1.692060E-01 1.624060E-01 1.441510E-01 1.100837E-01 6.773716E-02
118 -1.134395E+02 1.450000E+00 7.400516E-01 1.704666E-01 1.718695E-01 1.691857E-01 1.623865E-01 1.441337E-01 1.100705E-01 6.772903E-02
119 -1.119895E+02 1.450000E+00 5.669518E-01 1.704507E-01 1.718535E-01 1.691700E-01 1.623714E-01 1.441203E-01 1.100603E-01 6.772273E-02
120 -1.105395E+02 1.450000E+00 5.726682E-01 1.704346E-01 1.718373E-01 1.691540E-01 1.623561E-01 1.441066E-01 1.100499E-01 6.771632E-02
121 -1.090895E+02 1.450000E+00 8.332776E-01 1.704108E-01 1.718133E-01 1.691304E-01 1.623334E-01 1.440866E-01 1.100345E-01 6.770688E-02
122 -1.076395E+02 1.450000E+00 7.375021E-01 1.703893E-01 1.717916E-01 1.691090E-01 1.623129E-01 1.440683E-01 1.100206E-01 6.769831E-02
123 -1.061895E+02 1.450000E+00 6.503698E-01 1.703697E-01 1.717718E-01 1.690896E-01 1.622942E-01 1.440518E-01 1.100080E-01 6.769053E-02
124 -1.047395E+02 1.450000E+00 7.983424E-01 1.703450E-01 1.717469E-01 1.690650E-01 1.622707E-01 1.440309E-01 1.099920E-01 6.768072E-02
125 -1.032895E+02 1.450000E+00 8.932601E-01 1.703163E-01 1.717180E-01 1.690366E-01 1.622434E-01 1.440067E-01 1.099735E-01 6.766933E-02
126 -1.018395E+02 1.450000E+00 7.168641E-01 1.702923E-01 1.716938E-01 1.690128E-01 1.622205E-01 1.439864E-01 1.099580E-01 6.765980E-02
127 -1.003895E+02 1.450000E+00 6.015384E-01 1.702714E-01 1.716728E-01 1.689921E-01 1.622007E-01 1.439687E-01 1.099445E-01 6.765150E-02
128 -9.893955E+01 1.450000E+00 6.177954E-01 1.702495E-01 1.716506E-01 1.689703E-01 1.621797E-01 1.439501E-01 1.099304E-01 6.764278E-02
129 -9.748955E+01 1.450000E+00 7.163776E-01 1.702236E-01 1.716245E-01 1.689446E-01 1.621551E-01 1.439282E-01 1.099136E-01 6.763248E-02
130 -9.603955E+01 1.450000E+00 5.804025E-01 1.702022E-01 1.716029E-01 1.689233E-01 1.621347E-01 1.439102E-01 1.098998E-01 6.762399E-02
131 -9.458955E+01 1.450000E+00 7.090822E-01 1.701756E-01 1.715762E-01 1.688970E-01 1.621094E-01 1.438877E-01 1.098827E-01 6.761344E-02
132 -9.313955E+01 1.450000E+00 8.083309E-01 1.701447E-01 1.715450E-01 1.688663E-01 1.620800E-01 1.438616E-01 1.098627E-01 6.760116E-02
133 -9.168955E+01 1.450000E+00 7.087556E-01 1.701168E-01 1.715169E-01 1.688386E-01 1.620534E-01 1.438380E-01 1.098447E-01 6.759007E-02
134 -9.023955E+01 1.450000E+00 9.343325E-01 1.700787E-01 1.714784E-01 1.688007E-01 1.620170E-01 1.438057E-01 1.098201E-01 6.757491E-02
135 -8.878955E+01 1.450000E+00 8.553258E-01 1.700421E-01 1.714415E-01 1.687644E-01 1.619822E-01 1.437748E-01 1.097964E-01 6.756038E-02
136 -8.733955E+01 1.450000E+00 9.868338E-01 1.699975E-01 1.713966E-01 1.687202E-01 1.619397E-01 1.437371E-01 1.097677E-01 6.754267E-02
137 -8.588955E+01 1.450000E+00 9.133329E-01 1.699536E-01 1.713524E-01 1.686767E-01 1.618979E-01 1.437000E-01 1.097393E-01 6.752524E-02
138 -8.443955E+01 1.450000E+00 5.219004E-01 1.699272E-01 1.713257E-01 1.686504E-01 1.618727E-01 1.436776E-01 1.097222E-01 6.751472E-02
139 -8.298955E+01 1.450000E+00 4.426884E-01 1.699041E-01 1.713024E-01 1.686275E-01 1.618508E-01 1.436581E-01 1.097074E-01 6.750557E-02
140 -8.153955E+01 1.450000E+00 4.333822E-01 1.698816E-01 1.712797E-01 1.686051E-01 1.618293E-01 1.436391E-01 1.096928E-01 6.749660E-02
141 -8.008955E+01 1.450000E+00 5.290687E-01 1.698543E-01 1.712522E-01 1.685781E-01 1.618033E-01 1.436160E-01 1.096752E-01 6.748578E-02
142 -7.863955E+01 1.450000E+00 5.713121E-01 1.698252E-01 1.712229E-01 1.685492E-01 1.617756E-01 1.435914E-01 1.096564E-01 6.747422E-02
143 -7.718955E+01 1.450000E+00 4.588094E-01 1.698020E-01 1.711995E-01 1.685262E-01 1.617535E-01 1.435718E-01 1.096415E-01 6.746501E-02
144 -7.573955E+01 1.450000E+00 4.037747E-01 1.697819E-01 1.711792E-01 1.685062E-01 1.617344E-01 1.435548E-01 1.096285E-01 6.745702E-02
145 -7.428955E+01 1.450000E+00 5.742803E-01 1.697538E-01 1.711509E-01 1.684784E-01 1.617076E-01 1.435311E-01 1.096103E-01 6.744585E-02
146 -7.283955E+01 1.450000E+00 5.313087E-01 1.697282E-01 1.711250E-01 1.684529E-01 1.616831E-01 1.435094E-01 1.095937E-01 6.743565E-02
147 -7.138955E+01 1.450000E+00 5.467241E-01 1.697019E-01 1.710986E-01 1.684269E-01 1.616582E-01 1.434872E-01 1.095768E-01 6.742523E-02
148 -6.993955E+01 1.450000E+00 5.206432E-01 1.696771E-01 1.710736E-01 1.684022E-01 1.616345E-01 1.434662E-01 1.095608E-01 6.741537E-02
149 -6.848955E+01 1.450000E+00 4.208513E-01 1.696572E-01 1.710535E-01 1.683825E-01 1.616156E-01 1.434494E-01 1.095479E-01 6.740747E-02
150 -6.703955E+01 1.450000E+00 4.782592E-01 1.696350E-01 1.710311E-01 1.683604E-01 1.615944E-01 1.434305E-01 1.095336E-01 6.739862E-02
151 -6.558955E+01 1.450000E+00 5.823265E-01 1.696082E-01 1.710041E-01 1.683338E-01 1.615689E-01 1.434079E-01 1.095163E-01 6.738800E-02
152 -6.413955E+01 1.450000E+00 4.584983E-01 1.695874E-01 1.709831E-01 1.683131E-01 1.615490E-01 1.433903E-01 1.095028E-01 6.737971E-02
153 -6.268955E+01 1.450000E+00 5.192748E-01 1.695640E-01 1.709595E-01 1.682899E-01 1.615268E-01 1.433705E-01 1.094877E-01 6.737042E-02
154 -6.123955E+01 1.450000E+00 5.575355E-01 1.695391E-01 1.709344E-01 1.682653E-01 1.615031E-01 1.433495E-01 1.094717E-01 6.736055E-02
155 -5.978955E+01 1.450000E+00 5.744473E-01 1.695137E-01 1.709088E-01 1.682400E-01 1.614788E-01 1.433280E-01 1.094552E-01 6.735042E-02
156 -5.833955E+01 1.450000E+00 6.088524E-01 1.694866E-01 1.708815E-01 1.682132E-01 1.614531E-01 1.433051E-01 1.094378E-01 6.733969E-02
157 -5.688955E+01 1.450000E+00 7.130399E-01 1.694548E-01 1.708494E-01 1.681816E-01 1.614227E-01 1.432782E-01 1.094172E-01 6.732704E-02
158 -5.543955E+01 1.450000E+00 7.472951E-01 1.694208E-01 1.708152E-01 1.681479E-01 1.613904E-01 1.432495E-01 1.093953E-01 6.731355E-02
159 -5.398955E+01 1.450000E+00 7.076295E-01 1.693878E-01 1.707819E-01 1.681151E-01 1.613590E-01 1.432216E-01 1.093740E-01 6.730044E-02
160 -5.253955E+01 1.450000E+00 7.412436E-01 1.693523E-01 1.707461E-01 1.680798E-01 1.613251E-01 1.431916E-01 1.093510E-01 6.728632E-02
161 -5.108955E+01 1.450000E+00 8.350273E-01 1.693109E-01 1.707044E-01 1.680388E-01 1.612857E-01 1.431566E-01 1.093243E-01 6.726988E-02
162 -4.963955E+01 1.450000E+00 7.493559E-01 1.692724E-01 1.706655E-01 1.680005E-01 1.612490E-01 1.431240E-01 1.092994E-01 6.725456E-02
163 -4.818955E+01 1.450000E+00 6.057693E-01 1.692401E-01 1.706330E-01 1.679685E-01 1.612182E-01 1.430967E-01 1.092786E-01 6.724174E-02
164 -4.673955E+01 1.450000E+00 5.639812E-01 1.692094E-01 1.706020E-01 1.679380E-01 1.611890E-01 1.430708E-01 1.092588E-01 6.722955E-02
165 -4.528955E+01 1.450000E+00 7.260524E-01 1.691693E-01 1.705616E-01 1.678982E-01 1.611508E-01 1.430369E-01 1.092329E-01 6.721362E-02
166 -4.383955E+01 1.450000E+00 7.600775E-01 1.691265E-01 1.705184E-01 1.678558E-01 1.611100E-01 1.430007E-01 1.092053E-01 6.719661E-02
167 -4.238955E+01 1.450000E+00 6.310332E-01 1.690901E-01 1.704817E-01 1.678196E-01 1.610753E-01 1.429698E-01 1.091817E-01 6.718213E-02
168 -4.093955E+01 1.450000E+00 6.185760E-01 1.690536E-01 1.704449E-01 1.677834E-01 1.610406E-01 1.429390E-01 1.091582E-01 6.716765E-02
169 -3.948955E+01 1.450000E+00 6.512701E-01 1.690147E-01 1.704056E-01 1.677447E-01 1.610035E-01 1.429061E-01 1.091330E-01 6.715216E-02
170 -3.803955E+01 1.450000E+00 6.762394E-01 1.689736E-01 1.703642E-01 1.677039E-01 1.609643E-01 1.428713E-01 1.091065E-01 6.713583E-02
171 -3.658955E+01 1.450000E+00 6.424221E-01 1.689339E-01 1.703242E-01 1.676645E-01 1.609265E-01 1.428378E-01 1.090809E-01 6.712006E-02
172 -3.513955E+01 1.450000E+00 5.687514E-01 1.688982E-01 1.702882E-01 1.676292E-01 1.608925E-01 1.428076E-01 1.090578E-01 6.710590E-02
173 -3.368955E+01 1.450000E+00 5.661207E-01 1.688624E-01 1.702522E-01 1.675936E-01 1.608584E-01 1.427774E-01 1.090347E-01 6.709168E-02
174 -3.223955E+01 1.450000E+00 7.343304E-01 1.688157E-01 1.702050E-01 1.675472E-01 1.608139E-01 1.427378E-01 1.090045E-01 6.707311E-02
175 -3.078955E+01 1.450000E+00 7.568780E-01 1.687666E-01 1.701556E-01 1.674986E-01 1.607672E-01 1.426964E-01 1.089729E-01 6.705363E-02
176 -2.933955E+01 1.450000E+00 6.740998E-01 1.687219E-01 1.701105E-01 1.674542E-01 1.607246E-01 1.426585E-01 1.089440E-01 6.703585E-02
177 -2.788955E+01 1.450000E+00 6.190431E-01 1.686799E-01 1.700681E-01 1.674125E-01 1.606845E-01 1.426230E-01 1.089169E-01 6.701915E-02
178 -2.643955E+01 1.450000E+00 6.477163E-01 1.686351E-01 1.700230E-01 1.673681E-01 1.606419E-01 1.425852E-01 1.088880E-01 6.700138E-02
179 -2.498955E+01 1.450000E+00 7.938254E-01 1.685793E-01 1.699667E-01 1.673126E-01 1.605887E-01 1.425380E-01 1.088519E-01 6.697918E-02
180 -2.353955E+01 1.450000E+00 7.100683E-01 1.685280E-01 1.699150E-01 1.672617E-01 1.605399E-01 1.424946E-01 1.088188E-01 6.695881E-02
181 -2.208955E+01 1.450000E+00 5.772768E-01 1.684853E-01 1.698719E-01 1.672193E-01 1.604991E-01 1.424584E-01 1.087912E-01 6.694182E-02
182 -2.063955E+01 1.450000E+00 4.324277E-01 1.684529E-01 1.698392E-01 1.671872E-01 1.604683E-01 1.424311E-01 1.087703E-01 6.692895E-02
183 -1.918955E+01 1.450000E+00 4.593418E-01 1.684186E-01 1.698047E-01 1.671532E-01 1.604357E-01 1.424021E-01 1.087482E-01 6.691535E-02
184 -1.773955E+01 1.450000E+00 6.501697E-01 1.683706E-01 1.697563E-01 1.671055E-01 1.603899E-01 1.423615E-01 1.087172E-01 6.689628E-02
185 -1.628955E+01 1.450000E+00 6.340792E-01 1.683239E-01 1.697092E-01 1.670591E-01 1.603454E-01 1.423220E-01 1.086870E-01 6.687770E-02
186 -1.483955E+01 1.450000E+00 5.305243E-01 1.682846E-01 1.696696E-01 1.670201E-01 1.603080E-01 1.422888E-01 1.086616E-01 6.686209E-02
187 -1.338955E+01 1.450000E+00 4.593026E-01 1.682506E-01 1.696353E-01 1.669864E-01 1.602756E-01 1.422600E-01 1.086397E-01 6.684859E-02
188 -1.193955E+01 1.450000E+00 4.593026E-01 1.682170E-01 1.696014E-01 1.669530E-01 1.602436E-01 1.422316E-01 1.086180E-01 6.683523E-02
189 -1.048955E+01 1.450000E+00 4.593026E-01 1.681839E-01 1.695680E-01 1.669202E-01 1.602121E-01 1.422036E-01 1.085966E-01 6.682208E-02
190 -9.039549E+00 1.450000E+00 4.593026E-01 1.681514E-01 1.695353E-01 1.668879E-01 1.601811E-01 1.421762E-01 1.085756E-01 6.680917E-02
191 -7.589549E+00 1.450000E+00 4.593026E-01 1.681195E-01 1.695032E-01 1.668563E-01 1.601508E-01 1.421492E-01 1.085550E-01 6.679652E-02
192 -6.139549E+00 1.450000E+00 4.593026E-01 1.680883E-01 1.694717E-01 1.668253E-01 1.601210E-01 1.421228E-01 1.085349E-01 6.678411E-02
193 -4.689549E+00 1.450000E+00 4.593026E-01 1.680577E-01 1.694408E-01 1.667950E-01 1.600919E-01 1.420970E-01 1.085151E-01 6.677196E-02
194 -3.239549E+00 1.450000E+00 4.593026E-01 1.680278E-01 1.694106E-01 1.667652E-01 1.600633E-01 1.420716E-01 1.084958E-01 6.676005E-02
195 -1.789549E+00 1.450000E+00 4.593026E-01 1.679984E-01 1.693810E-01 1.667361E-01 1.600354E-01 1.420468E-01 1.084768E-01 6.674839E-02
196 -3.395487E-01 1.450000E+00 4.593026E-01 1.679696E-01 1.693520E-01 1.667075E-01 1.600079E-01 1.420225E-01 1.084582E-01 6.673695E-02
197 1.110451E+00 1.450000E+00 4.593026E-01 1.679414E-01 1.693236E-01 1.666795E-01 1.599811E-01 1.419986E-01 1.084400E-01 6.672574E-02
198 2.560451E+00 1.450000E+00 4.593026E-01 1.679137E-01 1.692957E-01 1.666521E-01 1.599547E-01 1.419752E-01 1.084222E-01 6.671475E-02
199 4.010451E+00 1.450000E+00 4.593026E-01 1.678866E-01 1.692683E-01 1.666252E-01 1.599289E-01 1.419523E-01 1.084047E-01 6.670398E-02
200 5.460451E+00 1.450000E+00 4.593026E-01 1.678600E-01 1.692415E-01 1.665988E-01 1.599036E-01 1.419298E-01 1.083875E-01 6.669342E-02
201 6.910451E+00 1.450000E+00 4.593026E-01 1.678340E-01 1.692152E-01 1.665729E-01 1.598787E-01 1.419078E-01 1.083707E-01 6.668306E-02
202 8.360451E+00 1.450000E+00 4.593026E-01 1.678084E-01 1.691895E-01 1.665475E-01 1.598544E-01 1.418862E-01 1.083542E-01 6.667290E-02
203 9.810451E+00 1.450000E+00 4.593026E-01 1.677833E-01 1.691642E-01 1.665227E-01 1.598305E-01 1.418650E-01 1.083380E-01 6.666294E-02
204 1.126045E+01 1.450000E+00 4.593026E-01 1.677588E-01 1.691394E-01 1.664983E-01 1.598071E-01 1.418442E-01 1.083221E-01 6.665318E-02
205 1.271045E+01 1.450000E+00 4.593026E-01 1.677347E-01 1.691151E-01 1.664744E-01 1.597841E-01 1.418238E-01 1.083065E-01 6.664360E-02
206 1.416045E+01 1.450000E+00 4.593026E-01 1.677110E-01 1.690913E-01 1.664509E-01 1.597616E-01 1.418038E-01 1.082913E-01 6.663421E-02
207 1.561045E+01 1.450000E+00 4.593026E-01 1.676878E-01 1.690679E-01 1.664279E-01 1.597395E-01 1.417842E-01 1.082763E-01 6.662500E-02
208 1.706045E+01 1.450000E+00 4.593026E-01 1.676651E-01 1.690450E-01 1.664053E-01 1.597179E-01 1.417650E-01 1.082616E-01 6.661596E-02
209 1.851045E+01 1.450000E+00 4.593026E-01 1.676428E-01 1.690225E-01 1.663832E-01 1.596966E-01 1.417461E-01 1.082472E-01 6.660710E-02
210 1.996045E+01 1.450000E+00 4.593026E-01 1.676209E-01 1.690005E-01 1.663615E-01 1.596758E-01 1.417276E-01 1.082331E-01 6.659842E-02
211 2.141045E+01 1.450000E+00 4.593026E-01 1.675995E-01 1.689788E-01 1.663402E-01 1.596554E-01 1.417095E-01 1.082192E-01 6.658989E-02
212 2.286045E+01 1.450000E+00 4.593026E-01 1.675784E-01 1.689576E-01 1.663193E-01 1.596353E-01 1.416917E-01 1.082057E-01 6.658154E-02
213 2.431045E+01 1.450000E+00 4.593026E-01 1.675578E-01 1.689368E-01 1.662988E-01 1.596157E-01 1.416743E-01 1.081923E-01 6.657334E-02
214 2.576045E+01 1.450000E+00 4.593026E-01 1.675376E-01 1.689164E-01 1.662788E-01 1.595964E-01 1.416572E-01 1.081793E-01 6.656530E-02
