0 -2.195500E+02 1.450000E+00 0.000000E+00 5.335843E-32 5.325862E-32 5.280948E-32 5.181140E-32 1.081190E-08 4.831811E-32 4.512424E-32
1 -2.195069E+02 4.305400E-02 3.367863E+01 1.760908E-14 1.775400E-14 1.747677E-14 1.677442E-14 1.144625E-08 1.137021E-14 6.996363E-15
2 -2.194487E+02 5.820287E-02 2.491286E+01 2.424685E-13 2.444159E-13 2.403858E-13 2.302699E-13 1.235006E-08 1.550038E-13 9.476984E-14
3 -2.193898E+02 5.895497E-02 2.459504E+01 9.754697E-13 9.831853E-13 9.664481E-13 9.246556E-13 1.332049E-08 6.197536E-13 3.774077E-13
4 -2.193297E+02 6.006175E-02 2.414182E+01 2.598576E-12 2.618872E-12 2.573146E-12 2.459433E-12 1.436682E-08 1.642632E-12 9.969980E-13
5 -2.192683E+02 6.141824E-02 2.360862E+01 5.609217E-12 5.652543E-12 5.551702E-12 5.301771E-12 1.549783E-08 3.530071E-12 2.136340E-12
6 -2.192053E+02 6.303161E-02 2.300433E+01 1.065293E-11 1.073439E-11 1.053925E-11 1.005700E-11 1.672367E-08 6.677680E-12 4.030590E-12
7 -2.191404E+02 6.491151E-02 2.233810E+01 1.856608E-11 1.870676E-11 1.836094E-11 1.750849E-11 1.805599E-08 1.159601E-11 6.982405E-12
8 -2.190733E+02 6.707092E-02 2.161891E+01 3.043174E-11 3.066037E-11 3.008496E-11 2.866978E-11 1.950821E-08 1.894420E-11 1.138169E-11
9 -2.190038E+02 6.952612E-02 2.085547E+01 4.765286E-11 4.800807E-11 4.709466E-11 4.485275E-11 2.109586E-08 2.957392E-11 1.773137E-11
10 -2.189315E+02 7.229681E-02 2.005621E+01 7.204807E-11 7.258121E-11 7.118285E-11 6.775698E-11 2.283688E-08 4.458686E-11 2.668101E-11
11 -2.188506E+02 8.085372E-02 1.793362E+01 1.087980E-10 1.095972E-10 1.074596E-10 1.022318E-10 2.489443E-08 6.713873E-11 4.009854E-11
12 -2.187583E+02 9.233840E-02 1.570311E+01 1.654526E-10 1.666589E-10 1.633680E-10 1.553342E-10 2.738919E-08 1.018065E-10 6.068406E-11
13 -2.186503E+02 1.080253E-01 1.342278E+01 2.555871E-10 2.574360E-10 2.522887E-10 2.397451E-10 3.050730E-08 1.568015E-10 9.327420E-11
14 -2.185195E+02 1.307257E-01 1.109193E+01 4.060554E-10 4.089688E-10 4.006848E-10 3.805342E-10 3.457376E-08 2.483342E-10 1.474032E-10
15 -2.183529E+02 1.666540E-01 8.700659E+00 6.775017E-10 6.823193E-10 6.683054E-10 6.342827E-10 4.023280E-08 4.129377E-10 2.445274E-10
16 -2.181196E+02 2.332589E-01 6.216269E+00 1.241564E-09 1.250301E-09 1.224219E-09 1.161031E-09 4.906772E-08 7.537941E-10 4.451566E-10
17 -2.177100E+02 4.095887E-01 3.540137E+00 2.892918E-09 2.913002E-09 2.851013E-09 2.701241E-09 6.722595E-08 1.747483E-09 1.028292E-09
18 -2.167461E+02 9.639761E-01 1.504187E+00 1.129403E-08 1.137100E-08 1.112268E-08 1.052476E-08 1.234840E-07 6.775939E-09 3.967958E-09
19 -2.152961E+02 1.450000E+00 0.000000E+00 3.881164E-08 3.907391E-08 3.821063E-08 3.613511E-08 2.413393E-07 2.321256E-08 1.356262E-08
20 -2.151771E+02 1.189842E-01 1.218650E+01 4.181793E-08 4.210052E-08 4.117038E-08 3.893410E-08 2.524802E-07 2.501062E-08 1.461321E-08
21 -2.150690E+02 1.081020E-01 1.341326E+01 4.465724E-08 4.495904E-08 4.396580E-08 4.157782E-08 2.627839E-07 2.670922E-08 1.560586E-08
22 -2.149717E+02 9.729878E-02 1.490255E+01 4.730531E-08 4.762503E-08 4.657301E-08 4.404369E-08 2.722063E-07 2.829390E-08 1.653215E-08
23 -2.148800E+02 9.168337E-02 1.581530E+01 4.988593E-08 5.022313E-08 4.911391E-08 4.644699E-08 2.812150E-07 2.983876E-08 1.743538E-08
24 -2.147891E+02 9.086890E-02 1.595705E+01 5.253134E-08 5.288648E-08 5.171870E-08 4.891091E-08 2.902708E-07 3.142300E-08 1.836189E-08
25 -2.146984E+02 9.070713E-02 1.598551E+01 5.526604E-08 5.563975E-08 5.441153E-08 5.145829E-08 2.994401E-07 3.306138E-08 1.932034E-08
26 -2.146073E+02 9.114479E-02 1.590875E+01 5.811656E-08 5.850965E-08 5.721851E-08 5.411387E-08 3.087882E-07 3.476986E-08 2.032010E-08
27 -2.145151E+02 9.212861E-02 1.573887E+01 6.111168E-08 6.152515E-08 6.016802E-08 5.690451E-08 3.183796E-07 3.656575E-08 2.137133E-08
28 -2.144215E+02 9.362488E-02 1.548734E+01 6.428347E-08 6.471855E-08 6.329164E-08 5.986012E-08 3.282798E-07 3.846838E-08 2.248536E-08
29 -2.143259E+02 9.561451E-02 1.516506E+01 6.766844E-08 6.812660E-08 6.662533E-08 6.301475E-08 3.385573E-07 4.049970E-08 2.367510E-08
30 -2.142278E+02 9.808993E-02 1.478235E+01 7.130886E-08 7.179187E-08 7.021074E-08 6.640782E-08 3.492856E-07 4.268515E-08 2.495545E-08
31 -2.141268E+02 1.010531E-01 1.434890E+01 7.525435E-08 7.576432E-08 7.409676E-08 7.008561E-08 3.605449E-07 4.505459E-08 2.634396E-08
32 -2.140222E+02 1.045140E-01 1.387374E+01 7.956387E-08 8.010332E-08 7.834147E-08 7.410312E-08 3.724243E-07 4.764348E-08 2.786141E-08
33 -2.139137E+02 1.084899E-01 1.336529E+01 8.430818E-08 8.488010E-08 8.301454E-08 7.852631E-08 3.850246E-07 5.049435E-08 2.953275E-08
34 -2.137942E+02 1.195376E-01 1.213007E+01 8.988786E-08 9.049800E-08 8.851059E-08 8.372870E-08 3.992478E-07 5.384801E-08 3.149919E-08
35 -2.136589E+02 1.352905E-01 1.071768E+01 9.669597E-08 9.735277E-08 9.521679E-08 9.007680E-08 4.158082E-07 5.794078E-08 3.389934E-08
36 -2.135031E+02 1.557998E-01 9.306817E+00 1.052581E-07 1.059736E-07 1.036509E-07 9.806070E-08 4.355394E-07 6.308859E-08 3.691844E-08
37 -2.133197E+02 1.833998E-01 7.906226E+00 1.164464E-07 1.172386E-07 1.146718E-07 1.084934E-07 4.597556E-07 6.981535E-08 4.086358E-08
38 -2.130975E+02 2.222092E-01 6.525382E+00 1.318154E-07 1.327129E-07 1.298107E-07 1.228239E-07 4.906767E-07 7.905450E-08 4.628170E-08
39 -2.128171E+02 2.804361E-01 5.170519E+00 1.544367E-07 1.554891E-07 1.520926E-07 1.439147E-07 5.324495E-07 9.264924E-08 5.425234E-08
40 -2.124768E+02 3.402733E-01 4.261281E+00 1.874054E-07 1.886832E-07 1.845652E-07 1.746488E-07 5.877475E-07 1.124533E-07 6.585965E-08
41 -2.120800E+02 3.968163E-01 3.654084E+00 2.345786E-07 2.361786E-07 2.310261E-07 2.186180E-07 6.593965E-07 1.407751E-07 8.245315E-08
42 -2.116157E+02 4.643135E-01 3.122890E+00 3.033132E-07 3.053820E-07 2.987197E-07 2.826758E-07 7.541807E-07 1.820240E-07 1.066130E-07
43 -2.111161E+02 4.995606E-01 2.902551E+00 3.955408E-07 3.982383E-07 3.895487E-07 3.686231E-07 8.707691E-07 2.373602E-07 1.390190E-07
44 -2.105913E+02 5.248249E-01 2.762826E+00 5.150348E-07 5.185470E-07 5.072317E-07 4.799831E-07 1.011167E-06 3.090628E-07 1.810125E-07
45 -2.099143E+02 6.770085E-01 2.141775E+00 7.068833E-07 7.117052E-07 6.961809E-07 6.587949E-07 1.221969E-06 4.242313E-07 2.484829E-07
46 -2.088838E+02 1.030517E+00 1.407061E+00 1.088068E-06 1.095500E-06 1.071644E-06 1.014181E-06 1.612698E-06 6.532890E-07 3.827703E-07
47 -2.074338E+02 1.450000E+00 8.032172E-01 1.814027E-06 1.826456E-06 1.786862E-06 1.691433E-06 2.310293E-06 1.090471E-06 6.394694E-07
48 -2.065313E+02 9.024854E-01 1.606674E+00 2.370298E-06 2.386588E-06 2.335067E-06 2.210822E-06 2.825490E-06 1.426432E-06 8.371388E-07
49 -2.058800E+02 6.512378E-01 2.226529E+00 2.820849E-06 2.840282E-06 2.779177E-06 2.631755E-06 3.235358E-06 1.699109E-06 9.978096E-07
50 -2.052449E+02 6.351366E-01 2.282973E+00 3.301282E-06 3.324085E-06 3.252831E-06 3.080841E-06 3.667013E-06 1.990386E-06 1.169655E-06
51 -2.044703E+02 7.746428E-01 1.871830E+00 3.946923E-06 3.974273E-06 3.889475E-06 3.684666E-06 4.240185E-06 2.382516E-06 1.401287E-06
52 -2.036244E+02 8.458500E-01 1.714252E+00 4.734697E-06 4.767621E-06 4.666408E-06 4.421788E-06 4.931234E-06 2.861784E-06 1.684730E-06
53 -2.026306E+02 9.937940E-01 1.459055E+00 5.782581E-06 5.822952E-06 5.700042E-06 5.402752E-06 5.840077E-06 3.500308E-06 2.062774E-06
54 -2.013146E+02 1.316003E+00 1.101821E+00 7.391341E-06 7.443195E-06 7.287202E-06 6.909531E-06 7.219884E-06 4.482272E-06 2.644848E-06
55 -2.003129E+02 1.001674E+00 1.447576E+00 8.787935E-06 8.849806E-06 8.665305E-06 8.218291E-06 8.408064E-06 5.336273E-06 3.151704E-06
56 -1.993177E+02 9.952008E-01 1.456992E+00 1.032982E-05 1.040280E-05 1.018702E-05 9.663863E-06 9.712943E-06 6.280569E-06 3.712748E-06
57 -1.979415E+02 1.376283E+00 1.053562E+00 1.273178E-05 1.282212E-05 1.255796E-05 1.191691E-05 1.173592E-05 7.754095E-06 4.589258E-06
58 -1.964915E+02 1.450000E+00 7.227762E-01 1.560428E-05 1.571551E-05 1.539398E-05 1.461296E-05 1.414558E-05 9.519886E-06 5.641095E-06
59 -1.950415E+02 1.450000E+00 5.579616E-01 1.879421E-05 1.892880E-05 1.854423E-05 1.760917E-05 1.681511E-05 1.148571E-05 6.814097E-06
60 -1.935915E+02 1.450000E+00 6.901083E-01 2.223749E-05 2.239749E-05 2.194578E-05 2.084634E-05 1.969368E-05 1.361432E-05 8.086941E-06
61 -1.924298E+02 1.161637E+00 1.248238E+00 2.514121E-05 2.532281E-05 2.481526E-05 2.357882E-05 2.212071E-05 1.541504E-05 9.166031E-06
62 -1.916196E+02 8.102356E-01 1.789603E+00 2.724338E-05 2.744071E-05 2.689312E-05 2.555833E-05 2.387776E-05 1.672158E-05 9.950154E-06
63 -1.907077E+02 9.119152E-01 1.590060E+00 2.970342E-05 2.991922E-05 2.932510E-05 2.787586E-05 2.593367E-05 1.825281E-05 1.087005E-05
64 -1.896138E+02 1.093892E+00 1.325542E+00 3.282900E-05 3.306834E-05 3.241531E-05 3.082115E-05 2.854456E-05 2.020002E-05 1.204054E-05
65 -1.886888E+02 9.249589E-01 1.567637E+00 3.565658E-05 3.591721E-05 3.521096E-05 3.348579E-05 3.090491E-05 2.196194E-05 1.309979E-05
66 -1.877731E+02 9.156973E-01 1.583493E+00 3.866002E-05 3.894325E-05 3.818038E-05 3.631589E-05 3.341013E-05 2.383285E-05 1.422434E-05
67 -1.868414E+02 9.317468E-01 1.556217E+00 4.196473E-05 4.227279E-05 4.144742E-05 3.942925E-05 3.616428E-05 2.589006E-05 1.546030E-05
68 -1.855342E+02 1.307122E+00 1.109307E+00 4.710369E-05 4.745025E-05 4.652721E-05 4.426900E-05 4.044243E-05 2.908546E-05 1.737861E-05
69 -1.840842E+02 1.450000E+00 6.636516E-01 5.355252E-05 5.394725E-05 5.290104E-05 5.034035E-05 4.580546E-05 3.309089E-05 1.978142E-05
70 -1.826342E+02 1.450000E+00 5.549057E-01 6.073282E-05 6.118118E-05 5.999784E-05 5.710040E-05 5.177453E-05 3.755075E-05 2.245687E-05
71 -1.811842E+02 1.450000E+00 7.816027E-01 6.850952E-05 6.901618E-05 6.768520E-05 6.442486E-05 5.824167E-05 4.238748E-05 2.536100E-05
72 -1.797342E+02 1.450000E+00 4.817361E-01 7.677171E-05 7.734062E-05 7.585422E-05 7.221135E-05 6.511778E-05 4.753673E-05 2.845707E-05
73 -1.782842E+02 1.450000E+00 5.149154E-01 8.536954E-05 8.600371E-05 8.435763E-05 8.032099E-05 7.228159E-05 5.291022E-05 3.169405E-05
74 -1.768342E+02 1.450000E+00 5.888278E-01 9.417171E-05 9.487324E-05 9.306615E-05 8.863150E-05 7.962608E-05 5.842942E-05 3.502605E-05
75 -1.753842E+02 1.450000E+00 8.672446E-01 1.030869E-04 1.038573E-04 1.018898E-04 9.705755E-05 8.707634E-05 6.403888E-05 3.842032E-05
76 -1.739342E+02 1.450000E+00 5.943337E-01 1.121226E-04 1.129632E-04 1.108353E-04 1.056049E-04 9.463709E-05 6.974081E-05 4.187724E-05
77 -1.724842E+02 1.450000E+00 3.520020E-01 1.212647E-04 1.221768E-04 1.198888E-04 1.142598E-04 1.022957E-04 7.552480E-05 4.538983E-05
78 -1.710342E+02 1.450000E+00 2.271233E-01 1.304344E-04 1.314189E-04 1.289723E-04 1.229479E-04 1.099869E-04 8.134193E-05 4.892878E-05
79 -1.695842E+02 1.450000E+00 1.965860E-01 1.394945E-04 1.405509E-04 1.379503E-04 1.315407E-04 1.175977E-04 8.710855E-05 5.244458E-05
80 -1.681342E+02 1.450000E+00 5.298418E-01 1.482978E-04 1.494249E-04 1.466778E-04 1.399006E-04 1.250071E-04 9.273513E-05 5.588423E-05
81 -1.666842E+02 1.450000E+00 4.624833E-01 1.567954E-04 1.579914E-04 1.551061E-04 1.479806E-04 1.321735E-04 9.818939E-05 5.922765E-05
82 -1.652342E+02 1.450000E+00 3.908250E-01 1.649775E-04 1.662405E-04 1.632250E-04 1.557703E-04 1.390868E-04 1.034624E-04 6.246826E-05
83 -1.637842E+02 1.450000E+00 7.352739E-01 1.728523E-04 1.741804E-04 1.710421E-04 1.632758E-04 1.457519E-04 1.085559E-04 6.560583E-05
84 -1.623342E+02 1.450000E+00 6.337431E-01 1.805015E-04 1.818932E-04 1.786373E-04 1.705718E-04 1.522336E-04 1.135156E-04 6.866573E-05
85 -1.608842E+02 1.450000E+00 4.274377E-01 1.880050E-04 1.894593E-04 1.860888E-04 1.777316E-04 1.585955E-04 1.183871E-04 7.167355E-05
86 -1.594342E+02 1.450000E+00 4.634426E-01 1.953962E-04 1.969122E-04 1.934294E-04 1.847857E-04 1.648641E-04 1.231888E-04 7.463956E-05
87 -1.579842E+02 1.450000E+00 5.168335E-01 2.026855E-04 2.042625E-04 2.006691E-04 1.917435E-04 1.710474E-04 1.279264E-04 7.756674E-05
88 -1.565342E+02 1.450000E+00 5.295381E-01 2.098797E-04 2.115169E-04 2.078146E-04 1.986111E-04 1.771509E-04 1.326036E-04 8.045713E-05
89 -1.550842E+02 1.450000E+00 6.949756E-01 2.169907E-04 2.186873E-04 2.148775E-04 2.053995E-04 1.831840E-04 1.372273E-04 8.331474E-05
90 -1.536770E+02 1.407224E+00 1.030397E+00 2.238602E-04 2.256143E-04 2.217003E-04 2.119567E-04 1.890111E-04 1.416920E-04 8.607337E-05
91 -1.525895E+02 1.087473E+00 1.333366E+00 2.292235E-04 2.310223E-04 2.270262E-04 2.170735E-04 1.935571E-04 1.451724E-04 8.822168E-05
92 -1.511395E+02 1.450000E+00 8.776963E-01 2.366089E-04 2.384687E-04 2.343574E-04 2.241126E-04 1.998072E-04 1.499495E-04 9.116436E-05
93 -1.496895E+02 1.450000E+00 7.155810E-01 2.443947E-04 2.463181E-04 2.420824E-04 2.315230E-04 2.063820E-04 1.549627E-04 9.424366E-05
94 -1.482395E+02 1.450000E+00 9.627284E-01 2.526436E-04 2.546338E-04 2.502631E-04 2.393642E-04 2.133341E-04 1.602520E-04 9.748381E-05
95 -1.467895E+02 1.450000E+00 5.920110E-01 2.614207E-04 2.634813E-04 2.589641E-04 2.476977E-04 2.207178E-04 1.658586E-04 1.009100E-04
96 -1.453395E+02 1.450000E+00 4.444553E-01 2.706862E-04 2.728205E-04 2.681467E-04 2.564881E-04 2.285030E-04 1.717620E-04 1.045116E-04
97 -1.438895E+02 1.450000E+00 7.345007E-01 2.803267E-04 2.825376E-04 2.776999E-04 2.656313E-04 2.365991E-04 1.778978E-04 1.082523E-04
98 -1.424395E+02 1.450000E+00 7.747645E-01 2.902826E-04 2.925726E-04 2.875652E-04 2.750727E-04 2.449588E-04 1.842322E-04 1.121133E-04
99 -1.409895E+02 1.450000E+00 6.494798E-01 3.005386E-04 3.029100E-04 2.977279E-04 2.847986E-04 2.535702E-04 1.907573E-04 1.160905E-04
100 -1.395395E+02 1.450000E+00 9.208143E-01 3.110807E-04 3.135358E-04 3.081743E-04 2.947963E-04 2.624226E-04 1.974656E-04 1.201798E-04
101 -1.380895E+02 1.450000E+00 5.733530E-01 3.219729E-04 3.245144E-04 3.189672E-04 3.051252E-04 2.715678E-04 2.043951E-04 1.244032E-04
102 -1.366395E+02 1.450000E+00 5.240432E-01 3.331946E-04 3.358252E-04 3.300868E-04 3.157666E-04 2.809897E-04 2.115340E-04 1.287543E-04
103 -1.351895E+02 1.450000E+00 5.750920E-01 3.446815E-04 3.474033E-04 3.414695E-04 3.266608E-04 2.906360E-04 2.188446E-04 1.332111E-04
104 -1.337395E+02 1.450000E+00 7.103980E-01 3.563632E-04 3.591780E-04 3.530463E-04 3.377425E-04 3.004497E-04 2.262853E-04 1.377497E-04
105 -1.322895E+02 1.450000E+00 7.283840E-01 3.682245E-04 3.711340E-04 3.648022E-04 3.489975E-04 3.104183E-04 2.338468E-04 1.423645E-04
106 -1.308395E+02 1.450000E+00 6.592846E-01 3.802877E-04 3.832935E-04 3.767590E-04 3.604463E-04 3.205595E-04 2.415418E-04 1.470627E-04
107 -1.293895E+02 1.450000E+00 6.558750E-01 3.925703E-04 3.956743E-04 3.889338E-04 3.721048E-04 3.308873E-04 2.493803E-04 1.518499E-04
108 -1.279395E+02 1.450000E+00 7.111705E-01 4.050837E-04 4.082878E-04 4.013378E-04 3.839836E-04 3.414108E-04 2.573686E-04 1.567295E-04
109 -1.264895E+02 1.450000E+00 7.485664E-01 4.178527E-04 4.211591E-04 4.139954E-04 3.961056E-04 3.521499E-04 2.655213E-04 1.617101E-04
110 -1.250395E+02 1.450000E+00 7.779385E-01 4.309214E-04 4.343324E-04 4.269500E-04 4.085118E-04 3.631408E-04 2.738648E-04 1.668070E-04
111 -1.235895E+02 1.450000E+00 7.592121E-01 4.443516E-04 4.478701E-04 4.402625E-04 4.212599E-04 3.744338E-04 2.824360E-04 1.720419E-04
112 -1.221395E+02 1.450000E+00 6.799334E-01 4.581994E-04 4.618285E-04 4.539881E-04 4.344020E-04 3.860748E-04 2.912688E-04 1.774345E-04
113 -1.206895E+02 1.450000E+00 7.180514E-01 4.724814E-04 4.762244E-04 4.681432E-04 4.479542E-04 3.980780E-04 3.003739E-04 1.829915E-04
114 -1.192395E+02 1.450000E+00 6.411859E-01 4.872078E-04 4.910681E-04 4.827381E-04 4.619262E-04 4.104521E-04 3.097583E-04 1.887175E-04
115 -1.177895E+02 1.450000E+00 5.245316E-01 5.023479E-04 5.063288E-04 4.977427E-04 4.762900E-04 4.231729E-04 3.194048E-04 1.946027E-04
116 -1.163395E+02 1.450000E+00 4.797385E-01 5.178083E-04 5.219125E-04 5.130654E-04 4.909593E-04 4.361649E-04 3.292587E-04 2.006157E-04
117 -1.148895E+02 1.450000E+00 5.479905E-01 5.334581E-04 5.376873E-04 5.285773E-04 5.058122E-04 4.493215E-04 3.392423E-04 2.067115E-04
118 -1.134395E+02 1.450000E+00 7.400516E-01 5.491985E-04 5.535539E-04 5.441811E-04 5.207571E-04 4.625625E-04 3.492967E-04 2.128556E-04
119 -1.119895E+02 1.450000E+00 5.669518E-01 5.650419E-04 5.695246E-04 5.598889E-04 5.358046E-04 4.758969E-04 3.594277E-04 2.190509E-04
120 -1.105395E+02 1.450000E+00 5.726682E-01 5.809792E-04 5.855903E-04 5.756914E-04 5.509459E-04 4.893165E-04 3.696288E-04 2.252929E-04
121 -1.090895E+02 1.450000E+00 8.332776E-01 5.970074E-04 6.017479E-04 5.915856E-04 5.661776E-04 5.028181E-04 3.798969E-04 2.315794E-04
122 -1.076395E+02 1.450000E+00 7.375021E-01 6.132305E-04 6.181021E-04 6.076735E-04 5.815957E-04 5.164857E-04 3.902925E-04 2.379450E-04
123 -1.061895E+02 1.450000E+00 6.503698E-01 6.297478E-04 6.347527E-04 6.240527E-04 5.972922E-04 5.303994E-04 4.008742E-04 2.444236E-04
124 -1.047395E+02 1.450000E+00 7.983424E-01 6.466178E-04 6.517588E-04 6.407809E-04 6.133218E-04 5.446074E-04 4.116770E-04 2.510357E-04
125 -1.032895E+02 1.450000E+00 8.932601E-01 6.639381E-04 6.692185E-04 6.579540E-04 6.297752E-04 5.591891E-04 4.227595E-04 2.578155E-04
126 -1.018395E+02 1.450000E+00 7.168641E-01 6.818553E-04 6.872795E-04 6.757168E-04 6.467895E-04 5.742648E-04 4.342101E-04 2.648151E-04
127 -1.003895E+02 1.450000E+00 6.015384E-01 7.004393E-04 7.060121E-04 6.941381E-04 6.644302E-04 5.898922E-04 4.460720E-04 2.720603E-04
128 -9.893955E+01 1.450000E+00 6.177954E-01 7.196547E-04 7.253809E-04 7.131834E-04 6.826655E-04 6.060441E-04 4.583265E-04 2.795411E-04
129 -9.748955E+01 1.450000E+00 7.163776E-01 7.394227E-04 7.453067E-04 7.327759E-04 7.014233E-04 6.226579E-04 4.709290E-04 2.872327E-04
130 -9.603955E+01 1.450000E+00 5.804025E-01 7.597069E-04 7.657526E-04 7.528797E-04 7.206704E-04 6.397047E-04 4.838594E-04 2.951239E-04
131 -9.458955E+01 1.450000E+00 7.090822E-01 7.804268E-04 7.866379E-04 7.734159E-04 7.403325E-04 6.571198E-04 4.970712E-04 3.031883E-04
132 -9.313955E+01 1.450000E+00 8.083309E-01 8.015773E-04 8.079573E-04 7.943796E-04 7.604050E-04 6.748994E-04 5.105615E-04 3.114242E-04
133 -9.168955E+01 1.450000E+00 7.087556E-01 8.232378E-04 8.297908E-04 8.158489E-04 7.809619E-04 6.931081E-04 5.243777E-04 3.198594E-04
134 -9.023955E+01 1.450000E+00 9.343325E-01 8.454755E-04 8.522061E-04 8.378900E-04 8.020656E-04 7.118009E-04 5.385602E-04 3.285175E-04
135 -8.878955E+01 1.450000E+00 8.553258E-01 8.684893E-04 8.754033E-04 8.606987E-04 8.239015E-04 7.311399E-04 5.532279E-04 3.374678E-04
136 -8.733955E+01 1.450000E+00 9.868338E-01 8.924661E-04 8.995708E-04 8.844591E-04 8.466440E-04 7.512784E-04 5.684937E-04 3.467770E-04
137 -8.588955E+01 1.450000E+00 9.133329E-01 9.176763E-04 9.249807E-04 9.094379E-04 8.705455E-04 7.724380E-04 5.845208E-04 3.565409E-04
138 -8.443955E+01 1.450000E+00 5.219004E-01 9.443303E-04 9.518449E-04 9.358424E-04 8.958031E-04 7.947918E-04 6.014376E-04 3.668357E-04
139 -8.298955E+01 1.450000E+00 4.426884E-01 9.722874E-04 9.800221E-04 9.635352E-04 9.222882E-04 8.182284E-04 6.191653E-04 3.776175E-04
140 -8.153955E+01 1.450000E+00 4.333822E-01 1.001184E-03 1.009147E-03 9.921595E-04 9.496652E-04 8.424550E-04 6.374923E-04 3.887652E-04
141 -8.008955E+01 1.450000E+00 5.290687E-01 1.030577E-03 1.038772E-03 1.021279E-03 9.775229E-04 8.671123E-04 6.561576E-04 4.001281E-04
142 -7.863955E+01 1.450000E+00 5.713121E-01 1.060140E-03 1.068569E-03 1.050573E-03 1.005558E-03 8.919343E-04 6.749667E-04 4.115927E-04
143 -7.718955E+01 1.450000E+00 4.588094E-01 1.089684E-03 1.098349E-03 1.079855E-03 1.033593E-03 9.167655E-04 6.938040E-04 4.230906E-04
144 -7.573955E+01 1.450000E+00 4.037747E-01 1.119028E-03 1.127929E-03 1.108946E-03 1.061458E-03 9.414560E-04 7.125575E-04 4.345542E-04
145 -7.428955E+01 1.450000E+00 5.742803E-01 1.147986E-03 1.157120E-03 1.137662E-03 1.088978E-03 9.658499E-04 7.311101E-04 4.459134E-04
146 -7.283955E+01 1.450000E+00 5.313087E-01 1.176516E-03 1.185882E-03 1.165960E-03 1.116110E-03 9.899099E-04 7.494311E-04 4.571476E-04
147 -7.138955E+01 1.450000E+00 5.467241E-01 1.204618E-03 1.214213E-03 1.193841E-03 1.142852E-03 1.013633E-03 7.675151E-04 4.682509E-04
148 -6.993955E+01 1.450000E+00 5.206432E-01 1.232341E-03 1.242163E-03 1.221350E-03 1.169246E-03 1.037053E-03 7.853844E-04 4.792341E-04
149 -6.848955E+01 1.450000E+00 4.208513E-01 1.259715E-03 1.269763E-03 1.248518E-03 1.195320E-03 1.060195E-03 8.030532E-04 4.901034E-04
150 -6.703955E+01 1.450000E+00 4.782592E-01 1.286692E-03 1.296962E-03 1.275295E-03 1.221026E-03 1.083014E-03 8.204882E-04 5.008379E-04
151 -6.558955E+01 1.450000E+00 5.823265E-01 1.313237E-03 1.323727E-03 1.301647E-03 1.246330E-03 1.105483E-03 8.376665E-04 5.114230E-04
152 -6.413955E+01 1.450000E+00 4.584983E-01 1.339399E-03 1.350105E-03 1.327621E-03 1.271276E-03 1.127637E-03 8.546131E-04 5.218717E-04
153 -6.268955E+01 1.450000E+00 5.192748E-01 1.365176E-03 1.376097E-03 1.353216E-03 1.295862E-03 1.149474E-03 8.713257E-04 5.321819E-04
154 -6.123955E+01 1.450000E+00 5.575355E-01 1.390600E-03 1.401733E-03 1.378462E-03 1.320117E-03 1.171020E-03 8.878205E-04 5.423621E-04
155 -5.978955E+01 1.450000E+00 5.744473E-01 1.415729E-03 1.427071E-03 1.403417E-03 1.344093E-03 1.192319E-03 9.041303E-04 5.524306E-04
156 -5.833955E+01 1.450000E+00 6.088524E-01 1.440645E-03 1.452195E-03 1.428160E-03 1.367866E-03 1.213439E-03 9.203031E-04 5.624151E-04
157 -5.688955E+01 1.450000E+00 7.130399E-01 1.465461E-03 1.477217E-03 1.452802E-03 1.391541E-03 1.234470E-03 9.364053E-04 5.723539E-04
158 -5.543955E+01 1.450000E+00 7.472951E-01 1.490360E-03 1.502323E-03 1.477525E-03 1.415289E-03 1.255563E-03 9.525470E-04 5.823114E-04
159 -5.398955E+01 1.450000E+00 7.076295E-01 1.515561E-03 1.527733E-03 1.502543E-03 1.439314E-03 1.276896E-03 9.688594E-04 5.923644E-04
160 -5.253955E+01 1.450000E+00 7.412436E-01 1.541248E-03 1.553632E-03 1.528039E-03 1.463787E-03 1.298621E-03 9.854542E-04 6.025789E-04
161 -5.108955E+01 1.450000E+00 8.350273E-01 1.567592E-03 1.580191E-03 1.554180E-03 1.488869E-03 1.320878E-03 1.002437E-03 6.130177E-04
162 -4.963955E+01 1.450000E+00 7.493559E-01 1.594801E-03 1.607623E-03 1.581173E-03 1.514757E-03 1.343840E-03 1.019936E-03 6.237579E-04
163 -4.818955E+01 1.450000E+00 6.057693E-01 1.623011E-03 1.636061E-03 1.609152E-03 1.541578E-03 1.367621E-03 1.038036E-03 6.348507E-04
164 -4.673955E+01 1.450000E+00 5.639812E-01 1.652188E-03 1.665474E-03 1.638084E-03 1.569303E-03 1.392196E-03 1.056723E-03 6.462903E-04
165 -4.528955E+01 1.450000E+00 7.260524E-01 1.682186E-03 1.695713E-03 1.667827E-03 1.597799E-03 1.417450E-03 1.075917E-03 6.580318E-04
166 -4.383955E+01 1.450000E+00 7.600775E-01 1.712960E-03 1.726734E-03 1.698337E-03 1.627027E-03 1.443350E-03 1.095594E-03 6.700637E-04
167 -4.238955E+01 1.450000E+00 6.310332E-01 1.744549E-03 1.758577E-03 1.729654E-03 1.657023E-03 1.469928E-03 1.115780E-03 6.824027E-04
168 -4.093955E+01 1.450000E+00 6.185760E-01 1.776928E-03 1.791215E-03 1.761752E-03 1.687766E-03 1.497166E-03 1.136463E-03 6.950421E-04
169 -3.948955E+01 1.450000E+00 6.512701E-01 1.810030E-03 1.824583E-03 1.794566E-03 1.719194E-03 1.525010E-03 1.157605E-03 7.079607E-04
170 -3.803955E+01 1.450000E+00 6.762394E-01 1.843796E-03 1.858619E-03 1.828039E-03 1.751253E-03 1.553413E-03 1.179172E-03 7.211397E-04
171 -3.658955E+01 1.450000E+00 6.424221E-01 1.878206E-03 1.893305E-03 1.862151E-03 1.783925E-03 1.582360E-03 1.201154E-03 7.345730E-04
172 -3.513955E+01 1.450000E+00 5.687514E-01 1.913231E-03 1.928611E-03 1.896873E-03 1.817182E-03 1.611827E-03 1.223532E-03 7.482505E-04
173 -3.368955E+01 1.450000E+00 5.661207E-01 1.948769E-03 1.964434E-03 1.932105E-03 1.850930E-03 1.641731E-03 1.246247E-03 7.621374E-04
174 -3.223955E+01 1.450000E+00 7.343304E-01 1.984700E-03 2.000654E-03 1.967729E-03 1.885059E-03 1.671975E-03 1.269228E-03 7.761921E-04
175 -3.078955E+01 1.450000E+00 7.568780E-01 2.021078E-03 2.037325E-03 2.003798E-03 1.919616E-03 1.702601E-03 1.292505E-03 7.904320E-04
176 -2.933955E+01 1.450000E+00 6.740998E-01 2.058054E-03 2.074599E-03 2.040461E-03 1.954743E-03 1.733732E-03 1.316167E-03 8.049086E-04
177 -2.788955E+01 1.450000E+00 6.190431E-01 2.095738E-03 2.112586E-03 2.077824E-03 1.990540E-03 1.765457E-03 1.340278E-03 8.196587E-04
178 -2.643955E+01 1.450000E+00 6.477163E-01 2.134139E-03 2.151296E-03 2.115899E-03 2.027018E-03 1.797784E-03 1.364845E-03 8.346865E-04
179 -2.498955E+01 1.450000E+00 7.938254E-01 2.173249E-03 2.190720E-03 2.154676E-03 2.064168E-03 1.830707E-03 1.389865E-03 8.499903E-04
180 -2.353955E+01 1.450000E+00 7.100683E-01 2.213210E-03 2.231003E-03 2.194295E-03 2.102124E-03 1.864342E-03 1.415422E-03 8.656199E-04
181 -2.208955E+01 1.450000E+00 5.772768E-01 2.254125E-03 2.272247E-03 2.234859E-03 2.140981E-03 1.898773E-03 1.441578E-03 8.816122E-04
182 -2.063955E+01 1.450000E+00 4.324277E-01 2.295919E-03 2.314376E-03 2.276293E-03 2.180669E-03 1.933940E-03 1.468290E-03 8.979421E-04
183 -1.918955E+01 1.450000E+00 4.593418E-01 2.338254E-03 2.357051E-03 2.318266E-03 2.220877E-03 1.969570E-03 1.495360E-03 9.144950E-04
184 -1.773955E+01 1.450000E+00 6.501697E-01 2.380754E-03 2.399894E-03 2.360406E-03 2.261255E-03 2.005357E-03 1.522564E-03 9.311410E-04
185 -1.628955E+01 1.450000E+00 6.340792E-01 2.423295E-03 2.442778E-03 2.402592E-03 2.301685E-03 2.041197E-03 1.549825E-03 9.478351E-04
186 -1.483955E+01 1.450000E+00 5.305243E-01 2.465875E-03 2.485703E-03 2.444823E-03 2.342166E-03 2.077088E-03 1.577141E-03 9.645733E-04
187 -1.338955E+01 1.450000E+00 4.593026E-01 2.508450E-03 2.528624E-03 2.487052E-03 2.382654E-03 2.112991E-03 1.604479E-03 9.813355E-04
188 -1.193955E+01 1.450000E+00 4.593026E-01 2.550862E-03 2.571381E-03 2.529125E-03 2.423000E-03 2.148776E-03 1.631742E-03 9.980635E-04
189 -1.048955E+01 1.450000E+00 4.593026E-01 2.592914E-03 2.613776E-03 2.570847E-03 2.463020E-03 2.184278E-03 1.658809E-03 1.014685E-03
190 -9.039549E+00 1.450000E+00 4.593026E-01 2.634418E-03 2.655621E-03 2.612032E-03 2.502537E-03 2.219344E-03 1.685565E-03 1.031132E-03
191 -7.589549E+00 1.450000E+00 4.593026E-01 2.675231E-03 2.696770E-03 2.652539E-03 2.541416E-03 2.253853E-03 1.711918E-03 1.047347E-03
192 -6.139549E+00 1.450000E+00 4.593026E-01 2.715254E-03 2.737124E-03 2.692268E-03 2.579562E-03 2.287720E-03 1.737805E-03 1.063293E-03
193 -4.689549E+00 1.450000E+00 4.593026E-01 2.754429E-03 2.776623E-03 2.731163E-03 2.616918E-03 2.320896E-03 1.763184E-03 1.078943E-03
194 -3.239549E+00 1.450000E+00 4.593026E-01 2.792728E-03 2.815241E-03 2.769194E-03 2.653456E-03 2.353353E-03 1.788035E-03 1.094281E-03
195 -1.789549E+00 1.450000E+00 4.593026E-01 2.830145E-03 2.852971E-03 2.806356E-03 2.689169E-03 2.385086E-03 1.812348E-03 1.109300E-03
196 -3.395487E-01 1.450000E+00 4.593026E-01 2.866693E-03 2.889825E-03 2.842658E-03 2.724065E-03 2.416099E-03 1.836125E-03 1.124001E-03
197 1.110451E+00 1.450000E+00 4.593026E-01 2.902389E-03 2.925821E-03 2.878120E-03 2.758160E-03 2.446406E-03 1.859375E-03 1.138385E-03
198 2.560451E+00 1.450000E+00 4.593026E-01 2.937261E-03 2.960987E-03 2.912766E-03 2.791478E-03 2.476026E-03 1.882109E-03 1.152459E-03
199 4.010451E+00 1.450000E+00 4.593026E-01 2.971336E-03 2.995349E-03 2.946624E-03 2.824042E-03 2.504981E-03 1.904342E-03 1.166229E-03
200 5.460451E+00 1.450000E+00 4.593026E-01 3.004644E-03 3.028939E-03 2.979722E-03 2.855879E-03 2.533293E-03 1.926089E-03 1.179704E-03
201 6.910451E+00 1.450000E+00 4.593026E-01 3.037213E-03 3.061783E-03 3.012087E-03 2.887016E-03 2.560984E-03 1.947365E-03 1.192892E-03
202 8.360451E+00 1.450000E+00 4.593026E-01 3.069071E-03 3.093912E-03 3.043748E-03 2.917478E-03 2.588077E-03 1.968186E-03 1.205801E-03
203 9.810451E+00 1.450000E+00 4.593026E-01 3.100244E-03 3.125349E-03 3.074729E-03 2.947288E-03 2.614592E-03 1.988567E-03 1.218441E-03
204 1.126045E+01 1.450000E+00 4.593026E-01 3.130757E-03 3.156121E-03 3.105055E-03 2.976469E-03 2.640548E-03 2.008522E-03 1.230817E-03
205 1.271045E+01 1.450000E+00 4.593026E-01 3.160632E-03 3.186250E-03 3.134748E-03 3.005041E-03 2.665964E-03 2.028063E-03 1.242940E-03
206 1.416045E+01 1.450000E+00 4.593026E-01 3.189890E-03 3.215756E-03 3.163827E-03 3.033025E-03 2.690857E-03 2.047204E-03 1.254815E-03
207 1.561045E+01 1.450000E+00 4.593026E-01 3.218550E-03 3.244659E-03 3.192313E-03 3.060438E-03 2.715243E-03 2.065956E-03 1.266449E-03
208 1.706045E+01 1.450000E+00 4.593026E-01 3.246630E-03 3.272978E-03 3.220223E-03 3.087297E-03 2.739137E-03 2.084330E-03 1.277849E-03
209 1.851045E+01 1.450000E+00 4.593026E-01 3.274146E-03 3.300728E-03 3.247572E-03 3.113617E-03 2.762551E-03 2.102335E-03 1.289022E-03
210 1.996045E+01 1.450000E+00 4.593026E-01 3.301114E-03 3.327925E-03 3.274377E-03 3.139412E-03 2.785498E-03 2.119983E-03 1.299972E-03
211 2.141045E+01 1.450000E+00 4.593026E-01 3.327547E-03 3.354583E-03 3.300650E-03 3.164697E-03 2.807991E-03 2.137281E-03 1.310705E-03
212 2.286045E+01 1.450000E+00 4.593026E-01 3.353460E-03 3.380716E-03 3.326405E-03 3.189483E-03 2.830041E-03 2.154237E-03 1.321227E-03
213 2.431045E+01 1.450000E+00 4.593026E-01 3.378864E-03 3.406336E-03 3.351655E-03 3.213783E-03 2.851658E-03 2.170861E-03 1.331542E-03
214 2.576045E+01 1.450000E+00 4.593026E-01 3.403771E-03 3.431455E-03 3.376412E-03 3.237607E-03 2.872852E-03 2.187160E-03 1.341655E-03
