0 -2.195500E+02 1.450000E+00 0.000000E+00 4.990417E-35 1.497125E-34 5.988500E-34 1.596933E-33 3.998542E-10 5.090225E-33 8.284092E-33
1 -2.195069E+02 4.305400E-02 3.367863E+01 5.265761E-35 1.579728E-34 6.318913E-34 1.685043E-33 4.217090E-10 5.371076E-33 8.741163E-33
2 -2.194487E+02 5.820287E-02 2.491286E+01 2.389826E-17 7.228483E-17 2.846244E-16 7.284959E-16 4.531324E-10 1.573977E-15 1.576195E-15
3 -2.193898E+02 5.895497E-02 2.459504E+01 1.550049E-16 4.688418E-16 1.846083E-15 4.725049E-15 4.871867E-10 1.020887E-14 1.022326E-14
4 -2.193297E+02 6.006175E-02 2.414182E+01 5.408551E-16 1.635919E-15 6.441496E-15 1.648701E-14 5.242085E-10 3.562156E-14 3.567177E-14
5 -2.192683E+02 6.141824E-02 2.360862E+01 1.407782E-15 4.258104E-15 1.676645E-14 4.291372E-14 5.645226E-10 9.271871E-14 9.284940E-14
6 -2.192053E+02 6.303161E-02 2.300433E+01 3.081093E-15 9.319352E-15 3.669531E-14 9.392164E-14 6.085053E-10 2.029256E-13 2.032116E-13
7 -2.191404E+02 6.491151E-02 2.233810E+01 6.012907E-15 1.818718E-14 7.161273E-14 1.832927E-13 6.565914E-10 3.960194E-13 3.965776E-13
8 -2.190733E+02 6.707092E-02 2.161891E+01 1.081977E-14 3.272646E-14 1.288617E-13 3.298215E-13 7.092830E-10 7.126072E-13 7.136116E-13
9 -2.190038E+02 6.952612E-02 2.085547E+01 1.833304E-14 5.545175E-14 2.183434E-13 5.588499E-13 7.671611E-10 1.207442E-12 1.209144E-12
10 -2.189315E+02 7.229681E-02 2.005621E+01 2.966589E-14 8.973013E-14 3.533159E-13 9.043118E-13 8.308982E-10 1.953842E-12 1.956596E-12
11 -2.188506E+02 8.085372E-02 1.793362E+01 4.772364E-14 1.443492E-13 5.683807E-13 1.454770E-12 9.065137E-10 3.143153E-12 3.147584E-12
12 -2.187583E+02 9.233840E-02 1.570311E+01 7.707574E-14 2.331302E-13 9.179594E-13 2.349517E-12 9.985284E-10 5.076328E-12 5.083484E-12
13 -2.186503E+02 1.080253E-01 1.342278E+01 1.262188E-13 3.817727E-13 1.503245E-12 3.847554E-12 1.113922E-09 8.312966E-12 8.324683E-12
14 -2.185195E+02 1.307257E-01 1.109193E+01 2.124701E-13 6.426563E-13 2.530485E-12 6.476774E-12 1.264873E-09 1.399362E-11 1.401334E-11
15 -2.183529E+02 1.666540E-01 8.700659E+00 3.760782E-13 1.137520E-12 4.479029E-12 1.146407E-11 1.475499E-09 2.476910E-11 2.480401E-11
16 -2.181196E+02 2.332589E-01 6.216269E+00 7.342612E-13 2.220912E-12 8.744930E-12 2.238264E-11 1.804974E-09 4.835959E-11 4.842775E-11
17 -2.177100E+02 4.095887E-01 3.540137E+00 1.847391E-12 5.587784E-12 2.200212E-11 5.631441E-11 2.482321E-09 1.216720E-10 1.218435E-10
18 -2.167461E+02 9.639761E-01 1.504187E+00 7.921873E-12 2.396121E-11 9.434821E-11 2.414842E-10 4.564321E-09 5.217469E-10 5.224823E-10
19 -2.152961E+02 1.450000E+00 0.000000E+00 2.833939E-11 8.571786E-11 3.375174E-10 8.638757E-10 8.777927E-09 1.866476E-09 1.869107E-09
20 -2.151771E+02 1.189842E-01 1.218650E+01 3.053378E-11 9.235522E-11 3.636523E-10 9.307678E-10 9.163387E-09 2.011002E-09 2.013837E-09
21 -2.150690E+02 1.081020E-01 1.341326E+01 3.259994E-11 9.860470E-11 3.882599E-10 9.937510E-10 9.517935E-09 2.147083E-09 2.150109E-09
22 -2.149717E+02 9.729878E-02 1.490255E+01 3.451938E-11 1.044104E-10 4.111201E-10 1.052262E-09 9.840439E-09 2.273500E-09 2.276705E-09
23 -2.148800E+02 9.168337E-02 1.581530E+01 3.638170E-11 1.100434E-10 4.333001E-10 1.109031E-09 1.014720E-08 2.396156E-09 2.399533E-09
24 -2.147891E+02 9.086890E-02 1.595705E+01 3.828158E-11 1.157899E-10 4.559274E-10 1.166946E-09 1.045399E-08 2.521285E-09 2.524839E-09
25 -2.146984E+02 9.070713E-02 1.598551E+01 4.023547E-11 1.216998E-10 4.791979E-10 1.226507E-09 1.076298E-08 2.649971E-09 2.653706E-09
26 -2.146073E+02 9.114479E-02 1.590875E+01 4.226120E-11 1.278270E-10 5.033240E-10 1.288257E-09 1.107632E-08 2.783389E-09 2.787312E-09
27 -2.145151E+02 9.212861E-02 1.573887E+01 4.437810E-11 1.342300E-10 5.285359E-10 1.352787E-09 1.139606E-08 2.922811E-09 2.926931E-09
28 -2.144215E+02 9.362488E-02 1.548734E+01 4.660773E-11 1.409739E-10 5.550904E-10 1.420754E-09 1.172429E-08 3.069658E-09 3.073985E-09
29 -2.143259E+02 9.561451E-02 1.516506E+01 4.897464E-11 1.481331E-10 5.832800E-10 1.492905E-09 1.206314E-08 3.225546E-09 3.230093E-09
30 -2.142278E+02 9.808993E-02 1.478235E+01 5.150733E-11 1.557937E-10 6.134439E-10 1.570109E-09 1.241487E-08 3.392353E-09 3.397135E-09
31 -2.141268E+02 1.010531E-01 1.434890E+01 5.423934E-11 1.640572E-10 6.459816E-10 1.653390E-09 1.278196E-08 3.572288E-09 3.577323E-09
32 -2.140222E+02 1.045140E-01 1.387374E+01 5.721067E-11 1.730445E-10 6.813697E-10 1.743965E-09 1.316713E-08 3.767984E-09 3.773295E-09
33 -2.139137E+02 1.084899E-01 1.336529E+01 6.046951E-11 1.829015E-10 7.201819E-10 1.843305E-09 1.357345E-08 3.982616E-09 3.988230E-09
34 -2.137942E+02 1.195376E-01 1.213007E+01 6.428992E-11 1.944571E-10 7.656823E-10 1.959764E-09 1.402961E-08 4.234234E-09 4.240203E-09
35 -2.136589E+02 1.352905E-01 1.071768E+01 6.893969E-11 2.085212E-10 8.210603E-10 2.101503E-09 1.455779E-08 4.540475E-09 4.546875E-09
36 -2.135031E+02 1.557998E-01 9.306817E+00 7.477857E-11 2.261820E-10 8.906005E-10 2.279492E-09 1.518365E-08 4.925034E-09 4.931976E-09
37 -2.133197E+02 1.833998E-01 7.906226E+00 8.240755E-11 2.492573E-10 9.814604E-10 2.512047E-09 1.594774E-08 5.427490E-09 5.435140E-09
38 -2.130975E+02 2.222092E-01 6.525382E+00 9.290579E-11 2.810112E-10 1.106493E-09 2.832068E-09 1.691892E-08 6.118921E-09 6.127545E-09
39 -2.128171E+02 2.804361E-01 5.170519E+00 1.084212E-10 3.279404E-10 1.291278E-09 3.305026E-09 1.822650E-08 7.140787E-09 7.150852E-09
40 -2.124768E+02 3.402733E-01 4.261281E+00 1.311747E-10 3.967628E-10 1.562269E-09 3.998627E-09 1.995518E-08 8.639370E-09 8.651548E-09
41 -2.120800E+02 3.968163E-01 3.654084E+00 1.639579E-10 4.959220E-10 1.952712E-09 4.997966E-09 2.219738E-08 1.079853E-08 1.081375E-08
42 -2.116157E+02 4.643135E-01 3.122890E+00 2.120005E-10 6.412358E-10 2.524891E-09 6.462458E-09 2.517196E-08 1.396268E-08 1.398236E-08
43 -2.111161E+02 4.995606E-01 2.902551E+00 2.766371E-10 8.367414E-10 3.294702E-09 8.432788E-09 2.884210E-08 1.821975E-08 1.824543E-08
44 -2.105913E+02 5.248249E-01 2.762826E+00 3.602792E-10 1.089733E-09 4.290867E-09 1.098247E-08 3.326955E-08 2.372855E-08 2.376200E-08
45 -2.099143E+02 6.770085E-01 2.141775E+00 4.938118E-10 1.493628E-09 5.881217E-09 1.505297E-08 3.991435E-08 3.252322E-08 3.256906E-08
46 -2.088838E+02 1.030517E+00 1.407061E+00 7.556207E-10 2.285518E-09 8.999318E-09 2.303375E-08 5.216583E-08 4.976636E-08 4.983651E-08
47 -2.074338E+02 1.450000E+00 8.032172E-01 1.239710E-09 3.749738E-09 1.476474E-08 3.779035E-08 7.360870E-08 8.164923E-08 8.176432E-08
48 -2.065313E+02 9.024854E-01 1.606674E+00 1.595827E-09 4.826883E-09 1.900604E-08 4.864595E-08 8.889651E-08 1.051037E-07 1.052518E-07
49 -2.058800E+02 6.512378E-01 2.226529E+00 1.875583E-09 5.673056E-09 2.233788E-08 5.717380E-08 1.007258E-07 1.235288E-07 1.237029E-07
50 -2.052449E+02 6.351366E-01 2.282973E+00 2.165989E-09 6.551444E-09 2.579657E-08 6.602631E-08 1.128805E-07 1.426554E-07 1.428565E-07
51 -2.044703E+02 7.746428E-01 1.871830E+00 2.545670E-09 7.699863E-09 3.031851E-08 7.760022E-08 1.286258E-07 1.676618E-07 1.678981E-07
52 -2.036244E+02 8.458500E-01 1.714252E+00 2.996461E-09 9.063366E-09 3.568736E-08 9.134177E-08 1.471655E-07 1.973516E-07 1.976298E-07
53 -2.026306E+02 9.937940E-01 1.459055E+00 3.580629E-09 1.083029E-08 4.264470E-08 1.091491E-07 1.710288E-07 2.358258E-07 2.361582E-07
54 -2.013146E+02 1.316003E+00 1.101821E+00 4.451809E-09 1.346534E-08 5.302031E-08 1.357055E-07 2.064276E-07 2.932031E-07 2.936163E-07
55 -2.003129E+02 1.001674E+00 1.447576E+00 5.184484E-09 1.568146E-08 6.174635E-08 1.580398E-07 2.361048E-07 3.414582E-07 3.419395E-07
56 -1.993177E+02 9.952008E-01 1.456992E+00 5.971158E-09 1.806090E-08 7.111551E-08 1.820201E-07 2.679259E-07 3.932698E-07 3.938241E-07
57 -1.979415E+02 1.376283E+00 1.053562E+00 7.158277E-09 2.165157E-08 8.525390E-08 2.182073E-07 3.159270E-07 4.714553E-07 4.721198E-07
58 -1.964915E+02 1.450000E+00 7.227762E-01 8.522774E-09 2.577875E-08 1.015048E-07 2.598016E-07 3.711229E-07 5.613232E-07 5.621144E-07
59 -1.950415E+02 1.450000E+00 5.579616E-01 9.962891E-09 3.013466E-08 1.186564E-07 3.037010E-07 4.294101E-07 6.561716E-07 6.570965E-07
60 -1.935915E+02 1.450000E+00 6.901083E-01 1.141545E-08 3.452819E-08 1.359561E-07 3.479796E-07 4.882123E-07 7.518392E-07 7.528990E-07
61 -1.924298E+02 1.161637E+00 1.248238E+00 1.255343E-08 3.797024E-08 1.495093E-07 3.826690E-07 5.342763E-07 8.267885E-07 8.279539E-07
62 -1.916196E+02 8.102356E-01 1.789603E+00 1.333291E-08 4.032791E-08 1.587927E-07 4.064299E-07 5.658332E-07 8.781261E-07 8.793638E-07
63 -1.907077E+02 9.119152E-01 1.590060E+00 1.421026E-08 4.298163E-08 1.692419E-07 4.331745E-07 6.013753E-07 9.359099E-07 9.372291E-07
64 -1.896138E+02 1.093892E+00 1.325542E+00 1.529872E-08 4.627387E-08 1.822052E-07 4.663541E-07 6.455387E-07 1.007597E-06 1.009018E-06
65 -1.886888E+02 9.249589E-01 1.567637E+00 1.627777E-08 4.923521E-08 1.938656E-07 4.961988E-07 6.853474E-07 1.072079E-06 1.073590E-06
66 -1.877731E+02 9.156973E-01 1.583493E+00 1.732677E-08 5.240810E-08 2.063589E-07 5.281756E-07 7.280940E-07 1.141168E-06 1.142776E-06
67 -1.868414E+02 9.317468E-01 1.556217E+00 1.850204E-08 5.596292E-08 2.203562E-07 5.640016E-07 7.760941E-07 1.218573E-06 1.220291E-06
68 -1.855342E+02 1.307122E+00 1.109307E+00 2.038567E-08 6.166033E-08 2.427900E-07 6.214208E-07 8.532230E-07 1.342632E-06 1.344524E-06
69 -1.840842E+02 1.450000E+00 6.636516E-01 2.281734E-08 6.901538E-08 2.717508E-07 6.955460E-07 9.530392E-07 1.502786E-06 1.504904E-06
70 -1.826342E+02 1.450000E+00 5.549057E-01 2.552329E-08 7.720005E-08 3.039782E-07 7.780321E-07 1.064303E-06 1.681004E-06 1.683373E-06
71 -1.811842E+02 1.450000E+00 7.816027E-01 2.835546E-08 8.576649E-08 3.377089E-07 8.643658E-07 1.180875E-06 1.867535E-06 1.870167E-06
72 -1.797342E+02 1.450000E+00 4.817361E-01 3.120230E-08 9.437728E-08 3.716142E-07 9.511464E-07 1.298131E-06 2.055032E-06 2.057929E-06
73 -1.782842E+02 1.450000E+00 5.149154E-01 3.393383E-08 1.026393E-07 4.041464E-07 1.034412E-06 1.410681E-06 2.234935E-06 2.238085E-06
74 -1.768342E+02 1.450000E+00 5.888278E-01 3.645440E-08 1.102633E-07 4.341660E-07 1.111248E-06 1.514556E-06 2.400944E-06 2.404328E-06
75 -1.753842E+02 1.450000E+00 8.672446E-01 3.871027E-08 1.170866E-07 4.610329E-07 1.180013E-06 1.607523E-06 2.549518E-06 2.553112E-06
76 -1.739342E+02 1.450000E+00 5.943337E-01 4.074029E-08 1.232267E-07 4.852101E-07 1.241895E-06 1.691189E-06 2.683219E-06 2.687001E-06
77 -1.724842E+02 1.450000E+00 3.520020E-01 4.256615E-08 1.287494E-07 5.069558E-07 1.297553E-06 1.766445E-06 2.803473E-06 2.807425E-06
78 -1.710342E+02 1.450000E+00 2.271233E-01 4.415774E-08 1.335635E-07 5.259115E-07 1.346070E-06 1.832040E-06 2.908298E-06 2.912397E-06
79 -1.695842E+02 1.450000E+00 1.965860E-01 4.543756E-08 1.374346E-07 5.411539E-07 1.385083E-06 1.884757E-06 2.992589E-06 2.996807E-06
80 -1.681342E+02 1.450000E+00 5.298418E-01 4.632326E-08 1.401135E-07 5.517024E-07 1.412082E-06 1.921182E-06 3.050922E-06 3.055223E-06
81 -1.666842E+02 1.450000E+00 4.624833E-01 4.682336E-08 1.416262E-07 5.576585E-07 1.427327E-06 1.941663E-06 3.083860E-06 3.088206E-06
82 -1.652342E+02 1.450000E+00 3.908250E-01 4.697999E-08 1.420999E-07 5.595239E-07 1.432101E-06 1.947942E-06 3.094175E-06 3.098537E-06
83 -1.637842E+02 1.450000E+00 7.352739E-01 4.684601E-08 1.416947E-07 5.579283E-07 1.428017E-06 1.942206E-06 3.085352E-06 3.089700E-06
84 -1.623342E+02 1.450000E+00 6.337431E-01 4.652950E-08 1.407373E-07 5.541587E-07 1.418369E-06 1.928930E-06 3.064505E-06 3.068825E-06
85 -1.608842E+02 1.450000E+00 4.274377E-01 4.612445E-08 1.395122E-07 5.493346E-07 1.406022E-06 1.912005E-06 3.037828E-06 3.042110E-06
86 -1.594342E+02 1.450000E+00 4.634426E-01 4.567622E-08 1.381564E-07 5.439963E-07 1.392358E-06 1.893309E-06 3.008307E-06 3.012548E-06
87 -1.579842E+02 1.450000E+00 5.168335E-01 4.520309E-08 1.367253E-07 5.383614E-07 1.377936E-06 1.873596E-06 2.977146E-06 2.981342E-06
88 -1.565342E+02 1.450000E+00 5.295381E-01 4.471466E-08 1.352480E-07 5.325442E-07 1.363047E-06 1.853263E-06 2.944977E-06 2.949128E-06
89 -1.550842E+02 1.450000E+00 6.949756E-01 4.422155E-08 1.337565E-07 5.266714E-07 1.348015E-06 1.832748E-06 2.912500E-06 2.916605E-06
90 -1.536770E+02 1.407224E+00 1.030397E+00 4.377553E-08 1.324074E-07 5.213594E-07 1.334419E-06 1.814196E-06 2.883125E-06 2.887189E-06
91 -1.525895E+02 1.087473E+00 1.333366E+00 4.351013E-08 1.316047E-07 5.181985E-07 1.326329E-06 1.803150E-06 2.865645E-06 2.869684E-06
92 -1.511395E+02 1.450000E+00 8.776963E-01 4.338264E-08 1.312190E-07 5.166801E-07 1.322442E-06 1.797808E-06 2.857248E-06 2.861276E-06
93 -1.496895E+02 1.450000E+00 7.155810E-01 4.359793E-08 1.318702E-07 5.192442E-07 1.329005E-06 1.806675E-06 2.871428E-06 2.875475E-06
94 -1.482395E+02 1.450000E+00 9.627284E-01 4.416679E-08 1.335908E-07 5.260192E-07 1.346346E-06 1.830198E-06 2.908894E-06 2.912994E-06
95 -1.467895E+02 1.450000E+00 5.920110E-01 4.509879E-08 1.364098E-07 5.371191E-07 1.374756E-06 1.868770E-06 2.970276E-06 2.974463E-06
96 -1.453395E+02 1.450000E+00 4.444553E-01 4.631455E-08 1.400872E-07 5.515987E-07 1.411816E-06 1.919105E-06 3.050348E-06 3.054648E-06
97 -1.438895E+02 1.450000E+00 7.345007E-01 4.768187E-08 1.442229E-07 5.678833E-07 1.453497E-06 1.975723E-06 3.140403E-06 3.144829E-06
98 -1.424395E+02 1.450000E+00 7.747645E-01 4.912505E-08 1.485881E-07 5.850713E-07 1.497490E-06 2.035488E-06 3.235453E-06 3.240013E-06
99 -1.409895E+02 1.450000E+00 6.494798E-01 5.061516E-08 1.530952E-07 6.028183E-07 1.542913E-06 2.097200E-06 3.333594E-06 3.338292E-06
100 -1.395395E+02 1.450000E+00 9.208143E-01 5.212962E-08 1.576759E-07 6.208552E-07 1.589078E-06 2.159924E-06 3.433338E-06 3.438177E-06
101 -1.380895E+02 1.450000E+00 5.733530E-01 5.371905E-08 1.624835E-07 6.397851E-07 1.637530E-06 2.225756E-06 3.538020E-06 3.543007E-06
102 -1.366395E+02 1.450000E+00 5.240432E-01 5.535870E-08 1.674429E-07 6.593130E-07 1.687511E-06 2.293672E-06 3.646011E-06 3.651150E-06
103 -1.351895E+02 1.450000E+00 5.750920E-01 5.699225E-08 1.723839E-07 6.787683E-07 1.737307E-06 2.361337E-06 3.753598E-06 3.758889E-06
104 -1.337395E+02 1.450000E+00 7.103980E-01 5.855955E-08 1.771245E-07 6.974346E-07 1.785083E-06 2.426258E-06 3.856823E-06 3.862259E-06
105 -1.322895E+02 1.450000E+00 7.283840E-01 6.005227E-08 1.816395E-07 7.152126E-07 1.830586E-06 2.488092E-06 3.955136E-06 3.960711E-06
106 -1.308395E+02 1.450000E+00 6.592846E-01 6.149647E-08 1.860078E-07 7.324129E-07 1.874610E-06 2.547916E-06 4.050254E-06 4.055963E-06
107 -1.293895E+02 1.450000E+00 6.558750E-01 6.291412E-08 1.902957E-07 7.492968E-07 1.917825E-06 2.606642E-06 4.143622E-06 4.149463E-06
108 -1.279395E+02 1.450000E+00 7.111705E-01 6.431911E-08 1.945454E-07 7.660300E-07 1.960653E-06 2.664844E-06 4.236157E-06 4.242128E-06
109 -1.264895E+02 1.450000E+00 7.485664E-01 6.573293E-08 1.988218E-07 7.828685E-07 2.003751E-06 2.723413E-06 4.329274E-06 4.335376E-06
110 -1.250395E+02 1.450000E+00 7.779385E-01 6.718939E-08 2.032271E-07 8.002146E-07 2.048149E-06 2.783749E-06 4.425198E-06 4.431435E-06
111 -1.235895E+02 1.450000E+00 7.592121E-01 6.873360E-08 2.078978E-07 8.186059E-07 2.095221E-06 2.847722E-06 4.526902E-06 4.533283E-06
112 -1.221395E+02 1.450000E+00 6.799334E-01 7.040184E-08 2.129438E-07 8.384744E-07 2.146075E-06 2.916834E-06 4.636775E-06 4.643311E-06
113 -1.206895E+02 1.450000E+00 7.180514E-01 7.219285E-08 2.183610E-07 8.598050E-07 2.200670E-06 2.991032E-06 4.754734E-06 4.761436E-06
114 -1.192395E+02 1.450000E+00 6.411859E-01 7.410025E-08 2.241303E-07 8.825218E-07 2.258814E-06 3.070054E-06 4.880358E-06 4.887237E-06
115 -1.177895E+02 1.450000E+00 5.245316E-01 7.608535E-08 2.301346E-07 9.061640E-07 2.319326E-06 3.152295E-06 5.011100E-06 5.018163E-06
116 -1.163395E+02 1.450000E+00 4.797385E-01 7.806329E-08 2.361173E-07 9.297209E-07 2.379620E-06 3.234239E-06 5.141370E-06 5.148617E-06
117 -1.148895E+02 1.450000E+00 5.479905E-01 7.992614E-08 2.417518E-07 9.519072E-07 2.436406E-06 3.311416E-06 5.264060E-06 5.271480E-06
118 -1.134395E+02 1.450000E+00 7.400516E-01 8.160120E-08 2.468183E-07 9.718569E-07 2.487467E-06 3.380813E-06 5.374382E-06 5.381958E-06
119 -1.119895E+02 1.450000E+00 5.669518E-01 8.311973E-08 2.514114E-07 9.899423E-07 2.533757E-06 3.443725E-06 5.474395E-06 5.482112E-06
120 -1.105395E+02 1.450000E+00 5.726682E-01 8.449478E-08 2.555705E-07 1.006319E-06 2.575673E-06 3.500692E-06 5.564958E-06 5.572802E-06
121 -1.090895E+02 1.450000E+00 8.332776E-01 8.574210E-08 2.593433E-07 1.021174E-06 2.613695E-06 3.552368E-06 5.647109E-06 5.655069E-06
122 -1.076395E+02 1.450000E+00 7.375021E-01 8.696293E-08 2.630359E-07 1.035714E-06 2.650910E-06 3.602947E-06 5.727514E-06 5.735587E-06
123 -1.061895E+02 1.450000E+00 6.503698E-01 8.824356E-08 2.669094E-07 1.050966E-06 2.689948E-06 3.656003E-06 5.811858E-06 5.820050E-06
124 -1.047395E+02 1.450000E+00 7.983424E-01 8.962724E-08 2.710946E-07 1.067446E-06 2.732127E-06 3.713329E-06 5.902990E-06 5.911310E-06
125 -1.032895E+02 1.450000E+00 8.932601E-01 9.117929E-08 2.757891E-07 1.085930E-06 2.779438E-06 3.777630E-06 6.005210E-06 6.013675E-06
126 -1.018395E+02 1.450000E+00 7.168641E-01 9.299822E-08 2.812908E-07 1.107593E-06 2.834885E-06 3.852989E-06 6.125008E-06 6.133641E-06
127 -1.003895E+02 1.450000E+00 6.015384E-01 9.511131E-08 2.876822E-07 1.132760E-06 2.899299E-06 3.940535E-06 6.264180E-06 6.273009E-06
128 -9.893955E+01 1.450000E+00 6.177954E-01 9.745632E-08 2.947752E-07 1.160689E-06 2.970782E-06 4.037690E-06 6.418625E-06 6.427673E-06
129 -9.748955E+01 1.450000E+00 7.163776E-01 9.993563E-08 3.022743E-07 1.190217E-06 3.046360E-06 4.140409E-06 6.581917E-06 6.591194E-06
130 -9.603955E+01 1.450000E+00 5.804025E-01 1.024982E-07 3.100254E-07 1.220737E-06 3.124476E-06 4.246579E-06 6.750693E-06 6.760208E-06
131 -9.458955E+01 1.450000E+00 7.090822E-01 1.050614E-07 3.177781E-07 1.251264E-06 3.202609E-06 4.352771E-06 6.919506E-06 6.929259E-06
132 -9.313955E+01 1.450000E+00 8.083309E-01 1.076155E-07 3.255034E-07 1.281682E-06 3.280466E-06 4.458589E-06 7.087722E-06 7.097713E-06
133 -9.168955E+01 1.450000E+00 7.087556E-01 1.102231E-07 3.333906E-07 1.312738E-06 3.359953E-06 4.566622E-06 7.259462E-06 7.269695E-06
134 -9.023955E+01 1.450000E+00 9.343325E-01 1.129267E-07 3.415684E-07 1.344939E-06 3.442370E-06 4.678638E-06 7.437531E-06 7.448014E-06
135 -8.878955E+01 1.450000E+00 8.553258E-01 1.158770E-07 3.504921E-07 1.380076E-06 3.532304E-06 4.800870E-06 7.631841E-06 7.642599E-06
136 -8.733955E+01 1.450000E+00 9.868338E-01 1.191899E-07 3.605125E-07 1.419532E-06 3.633291E-06 4.938124E-06 7.850032E-06 7.861097E-06
137 -8.588955E+01 1.450000E+00 9.133329E-01 1.230413E-07 3.721619E-07 1.465402E-06 3.750696E-06 5.097692E-06 8.103694E-06 8.115117E-06
138 -8.443955E+01 1.450000E+00 5.219004E-01 1.275454E-07 3.857854E-07 1.519045E-06 3.887995E-06 5.284299E-06 8.400340E-06 8.412181E-06
139 -8.298955E+01 1.450000E+00 4.426884E-01 1.325171E-07 4.008233E-07 1.578257E-06 4.039549E-06 5.490281E-06 8.727786E-06 8.740088E-06
140 -8.153955E+01 1.450000E+00 4.333822E-01 1.376049E-07 4.162121E-07 1.638852E-06 4.194640E-06 5.701070E-06 9.062873E-06 9.075647E-06
141 -8.008955E+01 1.450000E+00 5.290687E-01 1.424170E-07 4.307674E-07 1.696164E-06 4.341330E-06 5.900441E-06 9.379809E-06 9.393030E-06
142 -7.863955E+01 1.450000E+00 5.713121E-01 1.467040E-07 4.437342E-07 1.747221E-06 4.472010E-06 6.078053E-06 9.662155E-06 9.675774E-06
143 -7.718955E+01 1.450000E+00 4.588094E-01 1.503702E-07 4.548234E-07 1.790885E-06 4.583769E-06 6.229947E-06 9.903619E-06 9.917579E-06
144 -7.573955E+01 1.450000E+00 4.037747E-01 1.533497E-07 4.638354E-07 1.826370E-06 4.674593E-06 6.353389E-06 1.009985E-05 1.011409E-05
145 -7.428955E+01 1.450000E+00 5.742803E-01 1.555788E-07 4.705778E-07 1.852918E-06 4.742544E-06 6.445743E-06 1.024666E-05 1.026111E-05
146 -7.283955E+01 1.450000E+00 5.313087E-01 1.571226E-07 4.752471E-07 1.871304E-06 4.789602E-06 6.509701E-06 1.034834E-05 1.036292E-05
147 -7.138955E+01 1.450000E+00 5.467241E-01 1.580716E-07 4.781176E-07 1.882607E-06 4.818531E-06 6.549020E-06 1.041084E-05 1.042552E-05
148 -6.993955E+01 1.450000E+00 5.206432E-01 1.585507E-07 4.795666E-07 1.888312E-06 4.833134E-06 6.568867E-06 1.044239E-05 1.045711E-05
149 -6.848955E+01 1.450000E+00 4.208513E-01 1.586583E-07 4.798922E-07 1.889594E-06 4.836416E-06 6.573327E-06 1.044948E-05 1.046421E-05
150 -6.703955E+01 1.450000E+00 4.782592E-01 1.584104E-07 4.791422E-07 1.886641E-06 4.828857E-06 6.563054E-06 1.043315E-05 1.044786E-05
151 -6.558955E+01 1.450000E+00 5.823265E-01 1.578284E-07 4.773821E-07 1.879711E-06 4.811118E-06 6.538944E-06 1.039483E-05 1.040948E-05
152 -6.413955E+01 1.450000E+00 4.584983E-01 1.569977E-07 4.748695E-07 1.869817E-06 4.785797E-06 6.504529E-06 1.034012E-05 1.035469E-05
153 -6.268955E+01 1.450000E+00 5.192748E-01 1.559535E-07 4.717111E-07 1.857381E-06 4.753965E-06 6.461266E-06 1.027134E-05 1.028582E-05
154 -6.123955E+01 1.450000E+00 5.575355E-01 1.547534E-07 4.680811E-07 1.843088E-06 4.717382E-06 6.411544E-06 1.019230E-05 1.020667E-05
155 -5.978955E+01 1.450000E+00 5.744473E-01 1.534657E-07 4.641861E-07 1.827751E-06 4.678128E-06 6.358193E-06 1.010749E-05 1.012174E-05
156 -5.833955E+01 1.450000E+00 6.088524E-01 1.521706E-07 4.602688E-07 1.812326E-06 4.638648E-06 6.304535E-06 1.002219E-05 1.003632E-05
157 -5.688955E+01 1.450000E+00 7.130399E-01 1.509603E-07 4.566082E-07 1.797913E-06 4.601757E-06 6.254394E-06 9.942483E-06 9.956497E-06
158 -5.543955E+01 1.450000E+00 7.472951E-01 1.499743E-07 4.536256E-07 1.786169E-06 4.571698E-06 6.213540E-06 9.877538E-06 9.891461E-06
159 -5.398955E+01 1.450000E+00 7.076295E-01 1.493633E-07 4.517777E-07 1.778893E-06 4.553074E-06 6.188229E-06 9.837301E-06 9.851167E-06
160 -5.253955E+01 1.450000E+00 7.412436E-01 1.492315E-07 4.513792E-07 1.777323E-06 4.549058E-06 6.182769E-06 9.828623E-06 9.842476E-06
161 -5.108955E+01 1.450000E+00 8.350273E-01 1.496556E-07 4.526617E-07 1.782373E-06 4.561983E-06 6.200337E-06 9.856549E-06 9.870442E-06
162 -4.963955E+01 1.450000E+00 7.493559E-01 1.507337E-07 4.559227E-07 1.795214E-06 4.594848E-06 6.245005E-06 9.927557E-06 9.941550E-06
163 -4.818955E+01 1.450000E+00 6.057693E-01 1.524939E-07 4.612467E-07 1.816177E-06 4.648504E-06 6.317929E-06 1.004348E-05 1.005764E-05
164 -4.673955E+01 1.450000E+00 5.639812E-01 1.548253E-07 4.682985E-07 1.843944E-06 4.719572E-06 6.414521E-06 1.019703E-05 1.021141E-05
165 -4.528955E+01 1.450000E+00 7.260524E-01 1.575274E-07 4.764715E-07 1.876125E-06 4.801941E-06 6.526471E-06 1.037500E-05 1.038962E-05
166 -4.383955E+01 1.450000E+00 7.600775E-01 1.605013E-07 4.854668E-07 1.911545E-06 4.892597E-06 6.649685E-06 1.057087E-05 1.058577E-05
167 -4.238955E+01 1.450000E+00 6.310332E-01 1.637347E-07 4.952466E-07 1.950053E-06 4.991159E-06 6.783644E-06 1.078382E-05 1.079902E-05
168 -4.093955E+01 1.450000E+00 6.185760E-01 1.671714E-07 5.056416E-07 1.990983E-06 5.095921E-06 6.926029E-06 1.101017E-05 1.102569E-05
169 -3.948955E+01 1.450000E+00 6.512701E-01 1.707303E-07 5.164062E-07 2.033370E-06 5.204408E-06 7.073477E-06 1.124456E-05 1.126041E-05
170 -3.803955E+01 1.450000E+00 6.762394E-01 1.743420E-07 5.273306E-07 2.076385E-06 5.314506E-06 7.223114E-06 1.148244E-05 1.149862E-05
171 -3.658955E+01 1.450000E+00 6.424221E-01 1.779788E-07 5.383307E-07 2.119698E-06 5.425366E-06 7.373788E-06 1.172196E-05 1.173848E-05
172 -3.513955E+01 1.450000E+00 5.687514E-01 1.816137E-07 5.493253E-07 2.162990E-06 5.536172E-06 7.524387E-06 1.196137E-05 1.197822E-05
173 -3.368955E+01 1.450000E+00 5.661207E-01 1.851662E-07 5.600704E-07 2.205299E-06 5.644462E-06 7.671568E-06 1.219534E-05 1.221253E-05
174 -3.223955E+01 1.450000E+00 7.343304E-01 1.885424E-07 5.702824E-07 2.245509E-06 5.747380E-06 7.811447E-06 1.241770E-05 1.243520E-05
175 -3.078955E+01 1.450000E+00 7.568780E-01 1.917999E-07 5.801353E-07 2.284306E-06 5.846679E-06 7.946407E-06 1.263224E-05 1.265005E-05
176 -2.933955E+01 1.450000E+00 6.740998E-01 1.950756E-07 5.900434E-07 2.323319E-06 5.946533E-06 8.082123E-06 1.284799E-05 1.286610E-05
177 -2.788955E+01 1.450000E+00 6.190431E-01 1.984636E-07 6.002908E-07 2.363669E-06 6.049809E-06 8.222488E-06 1.307112E-05 1.308955E-05
178 -2.643955E+01 1.450000E+00 6.477163E-01 2.019650E-07 6.108815E-07 2.405370E-06 6.156543E-06 8.367553E-06 1.330173E-05 1.332048E-05
179 -2.498955E+01 1.450000E+00 7.938254E-01 2.055535E-07 6.217357E-07 2.448109E-06 6.265933E-06 8.516228E-06 1.353808E-05 1.355716E-05
180 -2.353955E+01 1.450000E+00 7.100683E-01 2.093295E-07 6.331569E-07 2.493080E-06 6.381037E-06 8.672671E-06 1.378677E-05 1.380620E-05
181 -2.208955E+01 1.450000E+00 5.772768E-01 2.133567E-07 6.453378E-07 2.541043E-06 6.503798E-06 8.839519E-06 1.405200E-05 1.407181E-05
182 -2.063955E+01 1.450000E+00 4.324277E-01 2.175563E-07 6.580403E-07 2.591059E-06 6.631815E-06 9.013511E-06 1.432860E-05 1.434879E-05
183 -1.918955E+01 1.450000E+00 4.593418E-01 2.216382E-07 6.703869E-07 2.639675E-06 6.756246E-06 9.182628E-06 1.459744E-05 1.461801E-05
184 -1.773955E+01 1.450000E+00 6.501697E-01 2.252969E-07 6.814533E-07 2.683249E-06 6.867774E-06 9.334211E-06 1.483841E-05 1.485932E-05
185 -1.628955E+01 1.450000E+00 6.340792E-01 2.284684E-07 6.910460E-07 2.721021E-06 6.964451E-06 9.465607E-06 1.504728E-05 1.506849E-05
186 -1.483955E+01 1.450000E+00 5.305243E-01 2.312098E-07 6.993381E-07 2.753671E-06 7.048020E-06 9.579188E-06 1.522784E-05 1.524931E-05
187 -1.338955E+01 1.450000E+00 4.593026E-01 2.335507E-07 7.064184E-07 2.781550E-06 7.119377E-06 9.676171E-06 1.538201E-05 1.540369E-05
188 -1.193955E+01 1.450000E+00 4.593026E-01 2.354261E-07 7.120910E-07 2.803886E-06 7.176546E-06 9.753872E-06 1.550553E-05 1.552739E-05
189 -1.048955E+01 1.450000E+00 4.593026E-01 2.367398E-07 7.160644E-07 2.819532E-06 7.216590E-06 9.808297E-06 1.559205E-05 1.561403E-05
190 -9.039549E+00 1.450000E+00 4.593026E-01 2.374120E-07 7.180976E-07 2.827538E-06 7.237081E-06 9.836147E-06 1.563632E-05 1.565836E-05
191 -7.589549E+00 1.450000E+00 4.593026E-01 2.374082E-07 7.180862E-07 2.827493E-06 7.236966E-06 9.835990E-06 1.563607E-05 1.565811E-05
192 -6.139549E+00 1.450000E+00 4.593026E-01 2.367381E-07 7.160594E-07 2.819512E-06 7.216539E-06 9.808228E-06 1.559194E-05 1.561392E-05
193 -4.689549E+00 1.450000E+00 4.593026E-01 2.354448E-07 7.121475E-07 2.804109E-06 7.177115E-06 9.754645E-06 1.550676E-05 1.552862E-05
194 -3.239549E+00 1.450000E+00 4.593026E-01 2.335924E-07 7.065447E-07 2.782048E-06 7.120649E-06 9.677901E-06 1.538476E-05 1.540645E-05
195 -1.789549E+00 1.450000E+00 4.593026E-01 2.312560E-07 6.994777E-07 2.754221E-06 7.049427E-06 9.581100E-06 1.523088E-05 1.525235E-05
196 -3.395487E-01 1.450000E+00 4.593026E-01 2.285132E-07 6.911816E-07 2.721555E-06 6.965818E-06 9.467465E-06 1.505024E-05 1.507145E-05
197 1.110451E+00 1.450000E+00 4.593026E-01 2.254394E-07 6.818844E-07 2.684947E-06 6.872120E-06 9.340117E-06 1.484779E-05 1.486872E-05
198 2.560451E+00 1.450000E+00 4.593026E-01 2.221044E-07 6.717970E-07 2.645227E-06 6.770457E-06 9.201943E-06 1.462814E-05 1.464876E-05
199 4.010451E+00 1.450000E+00 4.593026E-01 2.185703E-07 6.611075E-07 2.603137E-06 6.662727E-06 9.055524E-06 1.439538E-05 1.441567E-05
200 5.460451E+00 1.450000E+00 4.593026E-01 2.148914E-07 6.499799E-07 2.559321E-06 6.550581E-06 8.903103E-06 1.415308E-05 1.417303E-05
201 6.910451E+00 1.450000E+00 4.593026E-01 2.111138E-07 6.385537E-07 2.514330E-06 6.435427E-06 8.746593E-06 1.390428E-05 1.392388E-05
202 8.360451E+00 1.450000E+00 4.593026E-01 2.072760E-07 6.269456E-07 2.468623E-06 6.318438E-06 8.587591E-06 1.365152E-05 1.367076E-05
203 9.810451E+00 1.450000E+00 4.593026E-01 2.034097E-07 6.152512E-07 2.422576E-06 6.200582E-06 8.427408E-06 1.339688E-05 1.341576E-05
204 1.126045E+01 1.450000E+00 4.593026E-01 1.995405E-07 6.035482E-07 2.376495E-06 6.082637E-06 8.267105E-06 1.314205E-05 1.316057E-05
205 1.271045E+01 1.450000E+00 4.593026E-01 1.956888E-07 5.918979E-07 2.330621E-06 5.965223E-06 8.107525E-06 1.288837E-05 1.290653E-05
206 1.416045E+01 1.450000E+00 4.593026E-01 1.918704E-07 5.803484E-07 2.285145E-06 5.848827E-06 7.949326E-06 1.263688E-05 1.265469E-05
207 1.561045E+01 1.450000E+00 4.593026E-01 1.880975E-07 5.689366E-07 2.240210E-06 5.733817E-06 7.793013E-06 1.238839E-05 1.240586E-05
208 1.706045E+01 1.450000E+00 4.593026E-01 1.843792E-07 5.576899E-07 2.195926E-06 5.620471E-06 7.638961E-06 1.214350E-05 1.216062E-05
209 1.851045E+01 1.450000E+00 4.593026E-01 1.807221E-07 5.466283E-07 2.152371E-06 5.508991E-06 7.487445E-06 1.190264E-05 1.191942E-05
210 1.996045E+01 1.450000E+00 4.593026E-01 1.771308E-07 5.357657E-07 2.109598E-06 5.399516E-06 7.338654E-06 1.166611E-05 1.168255E-05
211 2.141045E+01 1.450000E+00 4.593026E-01 1.736082E-07 5.251109E-07 2.067645E-06 5.292135E-06 7.192710E-06 1.143410E-05 1.145022E-05
212 2.286045E+01 1.450000E+00 4.593026E-01 1.701560E-07 5.146692E-07 2.026530E-06 5.186902E-06 7.049684E-06 1.120674E-05 1.122254E-05
213 2.431045E+01 1.450000E+00 4.593026E-01 1.667750E-07 5.044427E-07 1.986263E-06 5.083839E-06 6.909607E-06 1.098406E-05 1.099954E-05
214 2.576045E+01 1.450000E+00 4.593026E-01 1.634652E-07 4.944315E-07 1.946844E-06 4.982945E-06 6.772479E-06 1.076607E-05 1.078125E-05
