0 -2.195500E+02 1.450000E+00 0.000000E+00 2.495208E-36 7.485625E-36 2.994250E-35 7.984667E-35 2.519082E-11 6.210075E-34 2.269841E-33
1 -2.195069E+02 4.305400E-02 3.367863E+01 2.632880E-36 7.898641E-36 3.159456E-35 8.425217E-35 2.656767E-11 6.552713E-34 2.395079E-33
2 -2.194487E+02 5.820287E-02 2.491286E+01 1.194913E-18 3.614241E-18 1.423122E-17 3.642479E-17 2.854734E-11 1.920252E-16 4.318775E-16
3 -2.193898E+02 5.895497E-02 2.459504E+01 7.750246E-18 2.344209E-17 9.230415E-17 2.362524E-16 3.069276E-11 1.245482E-15 2.801172E-15
4 -2.193297E+02 6.006175E-02 2.414182E+01 2.704276E-17 8.179596E-17 3.220748E-16 8.243503E-16 3.302513E-11 4.345831E-15 9.774066E-15
5 -2.192683E+02 6.141824E-02 2.360862E+01 7.038909E-17 2.129052E-16 8.383225E-16 2.145686E-15 3.556492E-11 1.131168E-14 2.544074E-14
6 -2.192053E+02 6.303161E-02 2.300433E+01 1.540547E-16 4.659676E-16 1.834766E-15 4.696082E-15 3.833583E-11 2.475692E-14 5.567999E-14
7 -2.191404E+02 6.491151E-02 2.233810E+01 3.006453E-16 9.093590E-16 3.580637E-15 9.164637E-15 4.136526E-11 4.831437E-14 1.086623E-13
8 -2.190733E+02 6.707092E-02 2.161891E+01 5.409887E-16 1.636323E-15 6.443087E-15 1.649108E-14 4.468483E-11 8.693808E-14 1.955296E-13
9 -2.190038E+02 6.952612E-02 2.085547E+01 9.166518E-16 2.772588E-15 1.091717E-14 2.794250E-14 4.833115E-11 1.473080E-13 3.313055E-13
10 -2.189315E+02 7.229681E-02 2.005621E+01 1.483295E-15 4.486506E-15 1.766579E-14 4.521559E-14 5.234659E-11 2.383687E-13 5.361073E-13
11 -2.188506E+02 8.085372E-02 1.793362E+01 2.386182E-15 7.217461E-15 2.841904E-14 7.273851E-14 5.711036E-11 3.834647E-13 8.624379E-13
12 -2.187583E+02 9.233840E-02 1.570311E+01 3.853787E-15 1.165651E-14 4.589797E-14 1.174758E-13 6.290729E-11 6.193121E-13 1.392875E-12
13 -2.186503E+02 1.080253E-01 1.342278E+01 6.310939E-15 1.908863E-14 7.516224E-14 1.923777E-13 7.017709E-11 1.014182E-12 2.280963E-12
14 -2.185195E+02 1.307257E-01 1.109193E+01 1.062351E-14 3.213282E-14 1.265242E-13 3.238387E-13 7.968701E-11 1.707221E-12 3.839655E-12
15 -2.183529E+02 1.666540E-01 8.700659E+00 1.880391E-14 5.687600E-14 2.239515E-13 5.732036E-13 9.295644E-11 3.021830E-12 6.796298E-12
16 -2.181196E+02 2.332589E-01 6.216269E+00 3.671306E-14 1.110456E-13 4.372465E-13 1.119132E-12 1.137134E-10 5.899870E-12 1.326920E-11
17 -2.177100E+02 4.095887E-01 3.540137E+00 9.236953E-14 2.793892E-13 1.100106E-12 2.815720E-12 1.563862E-10 1.484399E-11 3.338513E-11
18 -2.167461E+02 9.639761E-01 1.504187E+00 3.960936E-13 1.198061E-12 4.717410E-12 1.207421E-11 2.875522E-10 6.365312E-11 1.431602E-10
19 -2.152961E+02 1.450000E+00 0.000000E+00 1.416969E-12 4.285893E-12 1.687587E-11 4.319379E-11 5.530094E-10 2.277101E-10 5.121354E-10
20 -2.151771E+02 1.189842E-01 1.218650E+01 1.526689E-12 4.617761E-12 1.818261E-11 4.653839E-11 5.772934E-10 2.453423E-10 5.517913E-10
21 -2.150690E+02 1.081020E-01 1.341326E+01 1.629997E-12 4.930235E-12 1.941299E-11 4.968755E-11 5.996299E-10 2.619441E-10 5.891299E-10
22 -2.149717E+02 9.729878E-02 1.490255E+01 1.725969E-12 5.220521E-12 2.055601E-11 5.261309E-11 6.199477E-10 2.773670E-10 6.238171E-10
23 -2.148800E+02 9.168337E-02 1.581530E+01 1.819085E-12 5.502168E-12 2.166500E-11 5.545157E-11 6.392739E-10 2.923310E-10 6.574720E-10
24 -2.147891E+02 9.086890E-02 1.595705E+01 1.914079E-12 5.789496E-12 2.279637E-11 5.834729E-11 6.586012E-10 3.075968E-10 6.918058E-10
25 -2.146984E+02 9.070713E-02 1.598551E+01 2.011774E-12 6.084992E-12 2.395989E-11 6.132534E-11 6.780678E-10 3.232965E-10 7.271156E-10
26 -2.146073E+02 9.114479E-02 1.590875E+01 2.113060E-12 6.391352E-12 2.516620E-11 6.441287E-11 6.978080E-10 3.395734E-10 7.637235E-10
27 -2.145151E+02 9.212861E-02 1.573887E+01 2.218905E-12 6.711500E-12 2.642680E-11 6.763937E-11 7.179520E-10 3.565829E-10 8.019790E-10
28 -2.144215E+02 9.362488E-02 1.548734E+01 2.330387E-12 7.048697E-12 2.775452E-11 7.103768E-11 7.386303E-10 3.744983E-10 8.422718E-10
29 -2.143259E+02 9.561451E-02 1.516506E+01 2.448732E-12 7.406656E-12 2.916400E-11 7.464524E-11 7.599776E-10 3.935167E-10 8.850455E-10
30 -2.142278E+02 9.808993E-02 1.478235E+01 2.575367E-12 7.789686E-12 3.067219E-11 7.850546E-11 7.821370E-10 4.138671E-10 9.308149E-10
31 -2.141268E+02 1.010531E-01 1.434890E+01 2.711967E-12 8.202860E-12 3.229908E-11 8.266948E-11 8.052636E-10 4.358191E-10 9.801864E-10
32 -2.140222E+02 1.045140E-01 1.387374E+01 2.860533E-12 8.652227E-12 3.406848E-11 8.719826E-11 8.295293E-10 4.596940E-10 1.033883E-09
33 -2.139137E+02 1.084899E-01 1.336529E+01 3.023476E-12 9.145077E-12 3.600910E-11 9.216527E-11 8.551274E-10 4.858792E-10 1.092775E-09
34 -2.137942E+02 1.195376E-01 1.213007E+01 3.214496E-12 9.722854E-12 3.828412E-11 9.798818E-11 8.838653E-10 5.165766E-10 1.161815E-09
35 -2.136589E+02 1.352905E-01 1.071768E+01 3.446984E-12 1.042606E-11 4.105302E-11 1.050752E-10 9.171409E-10 5.539380E-10 1.245844E-09
36 -2.135031E+02 1.557998E-01 9.306817E+00 3.738929E-12 1.130910E-11 4.453003E-11 1.139746E-10 9.565697E-10 6.008541E-10 1.351361E-09
37 -2.133197E+02 1.833998E-01 7.906226E+00 4.120378E-12 1.246287E-11 4.907302E-11 1.256024E-10 1.004708E-09 6.621538E-10 1.489228E-09
38 -2.130975E+02 2.222092E-01 6.525382E+00 4.645290E-12 1.405056E-11 5.532464E-11 1.416034E-10 1.065892E-09 7.465083E-10 1.678947E-09
39 -2.128171E+02 2.804361E-01 5.170519E+00 5.421058E-12 1.639702E-11 6.456391E-11 1.652513E-10 1.148270E-09 8.711760E-10 1.959333E-09
40 -2.124768E+02 3.402733E-01 4.261281E+00 6.558735E-12 1.983814E-11 7.811345E-11 1.999313E-10 1.257176E-09 1.054003E-09 2.370524E-09
41 -2.120800E+02 3.968163E-01 3.654084E+00 8.197897E-12 2.479610E-11 9.763561E-11 2.498983E-10 1.398435E-09 1.317420E-09 2.962967E-09
42 -2.116157E+02 4.643135E-01 3.122890E+00 1.060003E-11 3.206179E-11 1.262446E-10 3.231229E-10 1.585834E-09 1.703447E-09 3.831168E-09
43 -2.111161E+02 4.995606E-01 2.902551E+00 1.383185E-11 4.183707E-11 1.647351E-10 4.216394E-10 1.817052E-09 2.222809E-09 4.999248E-09
44 -2.105913E+02 5.248249E-01 2.762826E+00 1.801396E-11 5.448665E-11 2.145433E-10 5.491235E-10 2.095981E-09 2.894884E-09 6.510788E-09
45 -2.099143E+02 6.770085E-01 2.141775E+00 2.469059E-11 7.468138E-11 2.940609E-10 7.526486E-10 2.514604E-09 3.967832E-09 8.923922E-09
46 -2.088838E+02 1.030517E+00 1.407061E+00 3.778103E-11 1.142759E-10 4.499659E-10 1.151688E-09 3.286447E-09 6.071496E-09 1.365520E-08
47 -2.074338E+02 1.450000E+00 8.032172E-01 6.198549E-11 1.874869E-10 7.382371E-10 1.889517E-09 4.637348E-09 9.961206E-09 2.240342E-08
48 -2.065313E+02 9.024854E-01 1.606674E+00 7.979136E-11 2.413441E-10 9.503020E-10 2.432297E-09 5.600480E-09 1.282265E-08 2.883900E-08
49 -2.058800E+02 6.512378E-01 2.226529E+00 9.377914E-11 2.836528E-10 1.116894E-09 2.858690E-09 6.345722E-09 1.507051E-08 3.389460E-08
50 -2.052449E+02 6.351366E-01 2.282973E+00 1.082994E-10 3.275722E-10 1.289828E-09 3.301315E-09 7.111473E-09 1.740396E-08 3.914267E-08
51 -2.044703E+02 7.746428E-01 1.871830E+00 1.272835E-10 3.849932E-10 1.515926E-09 3.880011E-09 8.103427E-09 2.045474E-08 4.600409E-08
52 -2.036244E+02 8.458500E-01 1.714252E+00 1.498230E-10 4.531683E-10 1.784368E-09 4.567089E-09 9.271425E-09 2.407689E-08 5.415056E-08
53 -2.026306E+02 9.937940E-01 1.459055E+00 1.790315E-10 5.415147E-10 2.132235E-09 5.457455E-09 1.077481E-08 2.877075E-08 6.470735E-08
54 -2.013146E+02 1.316003E+00 1.101821E+00 2.225904E-10 6.732671E-10 2.651016E-09 6.785273E-09 1.300494E-08 3.577077E-08 8.045088E-08
55 -2.003129E+02 1.001674E+00 1.447576E+00 2.592242E-10 7.840729E-10 3.087318E-09 7.901988E-09 1.487460E-08 4.165790E-08 9.369143E-08
56 -1.993177E+02 9.952008E-01 1.456992E+00 2.985579E-10 9.030451E-10 3.555775E-09 9.101005E-09 1.687933E-08 4.797891E-08 1.079078E-07
57 -1.979415E+02 1.376283E+00 1.053562E+00 3.579139E-10 1.082578E-09 4.262695E-09 1.091037E-08 1.990340E-08 5.751755E-08 1.293608E-07
58 -1.964915E+02 1.450000E+00 7.227762E-01 4.261387E-10 1.288938E-09 5.075242E-09 1.299008E-08 2.338074E-08 6.848143E-08 1.540193E-07
59 -1.950415E+02 1.450000E+00 5.579616E-01 4.981446E-10 1.506733E-09 5.932820E-09 1.518505E-08 2.705284E-08 8.005293E-08 1.800444E-07
60 -1.935915E+02 1.450000E+00 6.901083E-01 5.707724E-10 1.726410E-09 6.797806E-09 1.739898E-08 3.075737E-08 9.172439E-08 2.062943E-07
61 -1.924298E+02 1.161637E+00 1.248238E+00 6.276715E-10 1.898512E-09 7.475465E-09 1.913345E-08 3.365941E-08 1.008682E-07 2.268594E-07
62 -1.916196E+02 8.102356E-01 1.789603E+00 6.666453E-10 2.016396E-09 7.939637E-09 2.032150E-08 3.564749E-08 1.071314E-07 2.409457E-07
63 -1.907077E+02 9.119152E-01 1.590060E+00 7.105130E-10 2.149082E-09 8.462093E-09 2.165872E-08 3.788664E-08 1.141810E-07 2.568008E-07
64 -1.896138E+02 1.093892E+00 1.325542E+00 7.649358E-10 2.313694E-09 9.110259E-09 2.331770E-08 4.066894E-08 1.229269E-07 2.764708E-07
65 -1.886888E+02 9.249589E-01 1.567637E+00 8.138885E-10 2.461760E-09 9.693278E-09 2.480994E-08 4.317688E-08 1.307937E-07 2.941638E-07
66 -1.877731E+02 9.156973E-01 1.583493E+00 8.663383E-10 2.620405E-09 1.031795E-08 2.640878E-08 4.586992E-08 1.392225E-07 3.131207E-07
67 -1.868414E+02 9.317468E-01 1.556217E+00 9.251018E-10 2.798146E-09 1.101781E-08 2.820008E-08 4.889393E-08 1.486659E-07 3.343596E-07
68 -1.855342E+02 1.307122E+00 1.109307E+00 1.019283E-09 3.083017E-09 1.213950E-08 3.107104E-08 5.375305E-08 1.638011E-07 3.683997E-07
69 -1.840842E+02 1.450000E+00 6.636516E-01 1.140867E-09 3.450769E-09 1.358754E-08 3.477730E-08 6.004147E-08 1.833398E-07 4.123437E-07
70 -1.826342E+02 1.450000E+00 5.549057E-01 1.276165E-09 3.860002E-09 1.519891E-08 3.890160E-08 6.705106E-08 2.050825E-07 4.612443E-07
71 -1.811842E+02 1.450000E+00 7.816027E-01 1.417773E-09 4.288324E-09 1.688545E-08 4.321829E-08 7.439514E-08 2.278393E-07 5.124259E-07
72 -1.797342E+02 1.450000E+00 4.817361E-01 1.560115E-09 4.718864E-09 1.858071E-08 4.755732E-08 8.178227E-08 2.507139E-07 5.638725E-07
73 -1.782842E+02 1.450000E+00 5.149154E-01 1.696692E-09 5.131966E-09 2.020732E-08 5.172062E-08 8.887291E-08 2.726621E-07 6.132354E-07
74 -1.768342E+02 1.450000E+00 5.888278E-01 1.822720E-09 5.513164E-09 2.170830E-08 5.556238E-08 9.541701E-08 2.929152E-07 6.587859E-07
75 -1.753842E+02 1.450000E+00 8.672446E-01 1.935513E-09 5.854328E-09 2.305165E-08 5.900067E-08 1.012740E-07 3.110413E-07 6.995527E-07
76 -1.739342E+02 1.450000E+00 5.943337E-01 2.037014E-09 6.161337E-09 2.426051E-08 6.209476E-08 1.065449E-07 3.273527E-07 7.362383E-07
77 -1.724842E+02 1.450000E+00 3.520020E-01 2.128307E-09 6.437470E-09 2.534779E-08 6.487766E-08 1.112860E-07 3.420237E-07 7.692343E-07
78 -1.710342E+02 1.450000E+00 2.271233E-01 2.207887E-09 6.678175E-09 2.629557E-08 6.730351E-08 1.154185E-07 3.548124E-07 7.979969E-07
79 -1.695842E+02 1.450000E+00 1.965860E-01 2.271878E-09 6.871728E-09 2.705770E-08 6.925416E-08 1.187397E-07 3.650958E-07 8.211251E-07
80 -1.681342E+02 1.450000E+00 5.298418E-01 2.316163E-09 7.005675E-09 2.758512E-08 7.060410E-08 1.210345E-07 3.722125E-07 8.371310E-07
81 -1.666842E+02 1.450000E+00 4.624833E-01 2.341168E-09 7.081308E-09 2.788293E-08 7.136633E-08 1.223248E-07 3.762309E-07 8.461685E-07
82 -1.652342E+02 1.450000E+00 3.908250E-01 2.348999E-09 7.104995E-09 2.797620E-08 7.160506E-08 1.227203E-07 3.774894E-07 8.489990E-07
83 -1.637842E+02 1.450000E+00 7.352739E-01 2.342301E-09 7.084734E-09 2.789642E-08 7.140086E-08 1.223590E-07 3.764129E-07 8.465779E-07
84 -1.623342E+02 1.450000E+00 6.337431E-01 2.326475E-09 7.036865E-09 2.770793E-08 7.091844E-08 1.215226E-07 3.738696E-07 8.408580E-07
85 -1.608842E+02 1.450000E+00 4.274377E-01 2.306222E-09 6.975608E-09 2.746673E-08 7.030108E-08 1.204563E-07 3.706150E-07 8.335381E-07
86 -1.594342E+02 1.450000E+00 4.634426E-01 2.283811E-09 6.907821E-09 2.719982E-08 6.961791E-08 1.192785E-07 3.670135E-07 8.254381E-07
87 -1.579842E+02 1.450000E+00 5.168335E-01 2.260154E-09 6.836267E-09 2.691807E-08 6.889678E-08 1.180365E-07 3.632118E-07 8.168878E-07
88 -1.565342E+02 1.450000E+00 5.295381E-01 2.235733E-09 6.762399E-09 2.662721E-08 6.815233E-08 1.167556E-07 3.592872E-07 8.080611E-07
89 -1.550842E+02 1.450000E+00 6.949756E-01 2.211077E-09 6.687824E-09 2.633357E-08 6.740076E-08 1.154631E-07 3.553250E-07 7.991499E-07
90 -1.536770E+02 1.407224E+00 1.030397E+00 2.188777E-09 6.620371E-09 2.606797E-08 6.672095E-08 1.142944E-07 3.517412E-07 7.910897E-07
91 -1.525895E+02 1.087473E+00 1.333366E+00 2.175506E-09 6.580233E-09 2.590992E-08 6.631643E-08 1.135985E-07 3.496087E-07 7.862934E-07
92 -1.511395E+02 1.450000E+00 8.776963E-01 2.169132E-09 6.560952E-09 2.583400E-08 6.612212E-08 1.132619E-07 3.485843E-07 7.839895E-07
93 -1.496895E+02 1.450000E+00 7.155810E-01 2.179896E-09 6.593511E-09 2.596221E-08 6.645026E-08 1.138205E-07 3.503142E-07 7.878801E-07
94 -1.482395E+02 1.450000E+00 9.627284E-01 2.208339E-09 6.679542E-09 2.630096E-08 6.731729E-08 1.153024E-07 3.548850E-07 7.981603E-07
95 -1.467895E+02 1.450000E+00 5.920110E-01 2.254939E-09 6.820492E-09 2.685596E-08 6.873781E-08 1.177325E-07 3.623737E-07 8.150029E-07
96 -1.453395E+02 1.450000E+00 4.444553E-01 2.315727E-09 7.004358E-09 2.757993E-08 7.059082E-08 1.209036E-07 3.721425E-07 8.369736E-07
97 -1.438895E+02 1.450000E+00 7.345007E-01 2.384094E-09 7.211145E-09 2.839416E-08 7.267485E-08 1.244705E-07 3.831291E-07 8.616832E-07
98 -1.424395E+02 1.450000E+00 7.747645E-01 2.456253E-09 7.429403E-09 2.925356E-08 7.487448E-08 1.282357E-07 3.947252E-07 8.877636E-07
99 -1.409895E+02 1.450000E+00 6.494798E-01 2.530758E-09 7.654759E-09 3.014091E-08 7.714565E-08 1.321236E-07 4.066984E-07 9.146921E-07
100 -1.395395E+02 1.450000E+00 9.208143E-01 2.606481E-09 7.883797E-09 3.104276E-08 7.945392E-08 1.360752E-07 4.188672E-07 9.420606E-07
101 -1.380895E+02 1.450000E+00 5.733530E-01 2.685952E-09 8.124174E-09 3.198925E-08 8.187648E-08 1.402227E-07 4.316385E-07 9.707840E-07
102 -1.366395E+02 1.450000E+00 5.240432E-01 2.767935E-09 8.372146E-09 3.296565E-08 8.437557E-08 1.445013E-07 4.448133E-07 1.000415E-06
103 -1.351895E+02 1.450000E+00 5.750920E-01 2.849612E-09 8.619194E-09 3.393842E-08 8.686536E-08 1.487642E-07 4.579390E-07 1.029936E-06
104 -1.337395E+02 1.450000E+00 7.103980E-01 2.927977E-09 8.856224E-09 3.487173E-08 8.925417E-08 1.528543E-07 4.705324E-07 1.058259E-06
105 -1.322895E+02 1.450000E+00 7.283840E-01 3.002613E-09 9.081975E-09 3.576063E-08 9.152932E-08 1.567498E-07 4.825266E-07 1.085235E-06
106 -1.308395E+02 1.450000E+00 6.592846E-01 3.074824E-09 9.300389E-09 3.662064E-08 9.373052E-08 1.605187E-07 4.941309E-07 1.111334E-06
107 -1.293895E+02 1.450000E+00 6.558750E-01 3.145706E-09 9.514785E-09 3.746484E-08 9.589124E-08 1.642184E-07 5.055219E-07 1.136953E-06
108 -1.279395E+02 1.450000E+00 7.111705E-01 3.215955E-09 9.727269E-09 3.830150E-08 9.803267E-08 1.678852E-07 5.168111E-07 1.162343E-06
109 -1.264895E+02 1.450000E+00 7.485664E-01 3.286647E-09 9.941088E-09 3.914342E-08 1.001876E-07 1.715750E-07 5.281714E-07 1.187893E-06
110 -1.250395E+02 1.450000E+00 7.779385E-01 3.359469E-09 1.016135E-08 4.001073E-08 1.024074E-07 1.753762E-07 5.398741E-07 1.214213E-06
111 -1.235895E+02 1.450000E+00 7.592121E-01 3.436680E-09 1.039489E-08 4.093030E-08 1.047611E-07 1.794065E-07 5.522821E-07 1.242120E-06
112 -1.221395E+02 1.450000E+00 6.799334E-01 3.520092E-09 1.064719E-08 4.192372E-08 1.073037E-07 1.837605E-07 5.656866E-07 1.272267E-06
113 -1.206895E+02 1.450000E+00 7.180514E-01 3.609642E-09 1.091805E-08 4.299025E-08 1.100335E-07 1.884350E-07 5.800775E-07 1.304633E-06
114 -1.192395E+02 1.450000E+00 6.411859E-01 3.705012E-09 1.120651E-08 4.412609E-08 1.129407E-07 1.934134E-07 5.954037E-07 1.339103E-06
115 -1.177895E+02 1.450000E+00 5.245316E-01 3.804267E-09 1.150673E-08 4.530820E-08 1.159663E-07 1.985946E-07 6.113542E-07 1.374977E-06
116 -1.163395E+02 1.450000E+00 4.797385E-01 3.903164E-09 1.180586E-08 4.648605E-08 1.189810E-07 2.037571E-07 6.272471E-07 1.410721E-06
117 -1.148895E+02 1.450000E+00 5.479905E-01 3.996307E-09 1.208759E-08 4.759536E-08 1.218203E-07 2.086192E-07 6.422154E-07 1.444386E-06
118 -1.134395E+02 1.450000E+00 7.400516E-01 4.080060E-09 1.234092E-08 4.859284E-08 1.243734E-07 2.129912E-07 6.556747E-07 1.474656E-06
119 -1.119895E+02 1.450000E+00 5.669518E-01 4.155987E-09 1.257057E-08 4.949712E-08 1.266878E-07 2.169547E-07 6.678762E-07 1.502099E-06
120 -1.105395E+02 1.450000E+00 5.726682E-01 4.224739E-09 1.277853E-08 5.031595E-08 1.287836E-07 2.205436E-07 6.789249E-07 1.526948E-06
121 -1.090895E+02 1.450000E+00 8.332776E-01 4.287105E-09 1.296716E-08 5.105872E-08 1.306848E-07 2.237992E-07 6.889473E-07 1.549489E-06
122 -1.076395E+02 1.450000E+00 7.375021E-01 4.348146E-09 1.315180E-08 5.178571E-08 1.325455E-07 2.269856E-07 6.987567E-07 1.571551E-06
123 -1.061895E+02 1.450000E+00 6.503698E-01 4.412178E-09 1.334547E-08 5.254831E-08 1.344974E-07 2.303282E-07 7.090467E-07 1.594694E-06
124 -1.047395E+02 1.450000E+00 7.983424E-01 4.481362E-09 1.355473E-08 5.337229E-08 1.366063E-07 2.339397E-07 7.201648E-07 1.619699E-06
125 -1.032895E+02 1.450000E+00 8.932601E-01 4.558964E-09 1.378945E-08 5.429652E-08 1.389719E-07 2.379907E-07 7.326357E-07 1.647747E-06
126 -1.018395E+02 1.450000E+00 7.168641E-01 4.649911E-09 1.406454E-08 5.537967E-08 1.417442E-07 2.427383E-07 7.472509E-07 1.680618E-06
127 -1.003895E+02 1.450000E+00 6.015384E-01 4.755566E-09 1.438411E-08 5.663801E-08 1.449649E-07 2.482537E-07 7.642299E-07 1.718805E-06
128 -9.893955E+01 1.450000E+00 6.177954E-01 4.872816E-09 1.473876E-08 5.803444E-08 1.485391E-07 2.543745E-07 7.830723E-07 1.761182E-06
129 -9.748955E+01 1.450000E+00 7.163776E-01 4.996782E-09 1.511372E-08 5.951085E-08 1.523180E-07 2.608458E-07 8.029939E-07 1.805987E-06
130 -9.603955E+01 1.450000E+00 5.804025E-01 5.124911E-09 1.550127E-08 6.103685E-08 1.562238E-07 2.675345E-07 8.235846E-07 1.852297E-06
131 -9.458955E+01 1.450000E+00 7.090822E-01 5.253069E-09 1.588890E-08 6.256319E-08 1.601304E-07 2.742246E-07 8.441797E-07 1.898617E-06
132 -9.313955E+01 1.450000E+00 8.083309E-01 5.380773E-09 1.627517E-08 6.408412E-08 1.640233E-07 2.808911E-07 8.647021E-07 1.944773E-06
133 -9.168955E+01 1.450000E+00 7.087556E-01 5.511153E-09 1.666953E-08 6.563692E-08 1.679977E-07 2.876972E-07 8.856544E-07 1.991896E-06
134 -9.023955E+01 1.450000E+00 9.343325E-01 5.646337E-09 1.707842E-08 6.724694E-08 1.721185E-07 2.947542E-07 9.073788E-07 2.040756E-06
135 -8.878955E+01 1.450000E+00 8.553258E-01 5.793851E-09 1.752460E-08 6.900381E-08 1.766152E-07 3.024548E-07 9.310847E-07 2.094072E-06
136 -8.733955E+01 1.450000E+00 9.868338E-01 5.959494E-09 1.802562E-08 7.097660E-08 1.816646E-07 3.111018E-07 9.577039E-07 2.153941E-06
137 -8.588955E+01 1.450000E+00 9.133329E-01 6.152067E-09 1.860810E-08 7.327010E-08 1.875348E-07 3.211546E-07 9.886507E-07 2.223542E-06
138 -8.443955E+01 1.450000E+00 5.219004E-01 6.377271E-09 1.928927E-08 7.595225E-08 1.943997E-07 3.329108E-07 1.024842E-06 2.304938E-06
139 -8.298955E+01 1.450000E+00 4.426884E-01 6.625857E-09 2.004116E-08 7.891287E-08 2.019775E-07 3.458877E-07 1.064790E-06 2.394784E-06
140 -8.153955E+01 1.450000E+00 4.333822E-01 6.880244E-09 2.081061E-08 8.194258E-08 2.097320E-07 3.591674E-07 1.105670E-06 2.486727E-06
141 -8.008955E+01 1.450000E+00 5.290687E-01 7.120852E-09 2.153837E-08 8.480818E-08 2.170665E-07 3.717278E-07 1.144337E-06 2.573690E-06
142 -7.863955E+01 1.450000E+00 5.713121E-01 7.335200E-09 2.218671E-08 8.736103E-08 2.236005E-07 3.829173E-07 1.178783E-06 2.651162E-06
143 -7.718955E+01 1.450000E+00 4.588094E-01 7.518512E-09 2.274117E-08 8.954425E-08 2.291885E-07 3.924867E-07 1.208242E-06 2.717417E-06
144 -7.573955E+01 1.450000E+00 4.037747E-01 7.667486E-09 2.319177E-08 9.131850E-08 2.337296E-07 4.002635E-07 1.232182E-06 2.771260E-06
145 -7.428955E+01 1.450000E+00 5.742803E-01 7.778942E-09 2.352889E-08 9.264592E-08 2.371272E-07 4.060818E-07 1.250093E-06 2.811544E-06
146 -7.283955E+01 1.450000E+00 5.313087E-01 7.856129E-09 2.376236E-08 9.356521E-08 2.394801E-07 4.101112E-07 1.262497E-06 2.839441E-06
147 -7.138955E+01 1.450000E+00 5.467241E-01 7.903580E-09 2.390588E-08 9.413034E-08 2.409266E-07 4.125883E-07 1.270123E-06 2.856592E-06
148 -6.993955E+01 1.450000E+00 5.206432E-01 7.927533E-09 2.397833E-08 9.441561E-08 2.416567E-07 4.138386E-07 1.273972E-06 2.865249E-06
149 -6.848955E+01 1.450000E+00 4.208513E-01 7.932915E-09 2.399461E-08 9.447971E-08 2.418208E-07 4.141196E-07 1.274837E-06 2.867194E-06
150 -6.703955E+01 1.450000E+00 4.782592E-01 7.920518E-09 2.395711E-08 9.433207E-08 2.414429E-07 4.134724E-07 1.272845E-06 2.862713E-06
151 -6.558955E+01 1.450000E+00 5.823265E-01 7.891421E-09 2.386910E-08 9.398553E-08 2.405559E-07 4.119535E-07 1.268169E-06 2.852197E-06
152 -6.413955E+01 1.450000E+00 4.584983E-01 7.849887E-09 2.374348E-08 9.349087E-08 2.392898E-07 4.097853E-07 1.261494E-06 2.837185E-06
153 -6.268955E+01 1.450000E+00 5.192748E-01 7.797676E-09 2.358555E-08 9.286904E-08 2.376983E-07 4.070597E-07 1.253104E-06 2.818315E-06
154 -6.123955E+01 1.450000E+00 5.575355E-01 7.737670E-09 2.340405E-08 9.215438E-08 2.358691E-07 4.039273E-07 1.243461E-06 2.796627E-06
155 -5.978955E+01 1.450000E+00 5.744473E-01 7.673284E-09 2.320931E-08 9.138755E-08 2.339064E-07 4.005661E-07 1.233114E-06 2.773356E-06
156 -5.833955E+01 1.450000E+00 6.088524E-01 7.608528E-09 2.301344E-08 9.061632E-08 2.319324E-07 3.971857E-07 1.222707E-06 2.749951E-06
157 -5.688955E+01 1.450000E+00 7.130399E-01 7.548016E-09 2.283041E-08 8.989564E-08 2.300878E-07 3.940268E-07 1.212983E-06 2.728080E-06
158 -5.543955E+01 1.450000E+00 7.472951E-01 7.498713E-09 2.268128E-08 8.930844E-08 2.285849E-07 3.914530E-07 1.205060E-06 2.710260E-06
159 -5.398955E+01 1.450000E+00 7.076295E-01 7.468166E-09 2.258889E-08 8.894463E-08 2.276537E-07 3.898584E-07 1.200151E-06 2.699220E-06
160 -5.253955E+01 1.450000E+00 7.412436E-01 7.461577E-09 2.256896E-08 8.886616E-08 2.274529E-07 3.895145E-07 1.199092E-06 2.696839E-06
161 -5.108955E+01 1.450000E+00 8.350273E-01 7.482778E-09 2.263309E-08 8.911866E-08 2.280992E-07 3.906212E-07 1.202499E-06 2.704501E-06
162 -4.963955E+01 1.450000E+00 7.493559E-01 7.536685E-09 2.279614E-08 8.976068E-08 2.297424E-07 3.934353E-07 1.211162E-06 2.723985E-06
163 -4.818955E+01 1.450000E+00 6.057693E-01 7.624693E-09 2.306233E-08 9.080884E-08 2.324252E-07 3.980295E-07 1.225305E-06 2.755793E-06
164 -4.673955E+01 1.450000E+00 5.639812E-01 7.741264E-09 2.341492E-08 9.219718E-08 2.359786E-07 4.041148E-07 1.244038E-06 2.797926E-06
165 -4.528955E+01 1.450000E+00 7.260524E-01 7.876368E-09 2.382357E-08 9.380625E-08 2.400971E-07 4.111677E-07 1.265750E-06 2.846756E-06
166 -4.383955E+01 1.450000E+00 7.600775E-01 8.025067E-09 2.427334E-08 9.557723E-08 2.446299E-07 4.189302E-07 1.289646E-06 2.900501E-06
167 -4.238955E+01 1.450000E+00 6.310332E-01 8.186733E-09 2.476233E-08 9.750264E-08 2.495580E-07 4.273695E-07 1.315626E-06 2.958932E-06
168 -4.093955E+01 1.450000E+00 6.185760E-01 8.358568E-09 2.528208E-08 9.954917E-08 2.547961E-07 4.363398E-07 1.343240E-06 3.021038E-06
169 -3.948955E+01 1.450000E+00 6.512701E-01 8.536514E-09 2.582031E-08 1.016685E-07 2.602204E-07 4.456291E-07 1.371837E-06 3.085353E-06
170 -3.803955E+01 1.450000E+00 6.762394E-01 8.717101E-09 2.636653E-08 1.038192E-07 2.657253E-07 4.550562E-07 1.400857E-06 3.150623E-06
171 -3.658955E+01 1.450000E+00 6.424221E-01 8.898940E-09 2.691653E-08 1.059849E-07 2.712683E-07 4.645487E-07 1.430079E-06 3.216345E-06
172 -3.513955E+01 1.450000E+00 5.687514E-01 9.080687E-09 2.746627E-08 1.081495E-07 2.768086E-07 4.740364E-07 1.459287E-06 3.282034E-06
173 -3.368955E+01 1.450000E+00 5.661207E-01 9.258311E-09 2.800352E-08 1.102650E-07 2.822231E-07 4.833088E-07 1.487831E-06 3.346232E-06
174 -3.223955E+01 1.450000E+00 7.343304E-01 9.427121E-09 2.851412E-08 1.122755E-07 2.873690E-07 4.921211E-07 1.514959E-06 3.407245E-06
175 -3.078955E+01 1.450000E+00 7.568780E-01 9.589996E-09 2.900677E-08 1.142153E-07 2.923339E-07 5.006237E-07 1.541134E-06 3.466113E-06
176 -2.933955E+01 1.450000E+00 6.740998E-01 9.753782E-09 2.950217E-08 1.161659E-07 2.973267E-07 5.091737E-07 1.567454E-06 3.525310E-06
177 -2.788955E+01 1.450000E+00 6.190431E-01 9.923179E-09 3.001454E-08 1.181834E-07 3.024904E-07 5.180167E-07 1.594677E-06 3.586535E-06
178 -2.643955E+01 1.450000E+00 6.477163E-01 1.009825E-08 3.054407E-08 1.202685E-07 3.078271E-07 5.271558E-07 1.622811E-06 3.649811E-06
179 -2.498955E+01 1.450000E+00 7.938254E-01 1.027768E-08 3.108678E-08 1.224054E-07 3.132966E-07 5.365224E-07 1.651645E-06 3.714661E-06
180 -2.353955E+01 1.450000E+00 7.100683E-01 1.046648E-08 3.165785E-08 1.246540E-07 3.190519E-07 5.463783E-07 1.681986E-06 3.782899E-06
181 -2.208955E+01 1.450000E+00 5.772768E-01 1.066783E-08 3.226689E-08 1.270522E-07 3.251899E-07 5.568897E-07 1.714344E-06 3.855676E-06
182 -2.063955E+01 1.450000E+00 4.324277E-01 1.087781E-08 3.290201E-08 1.295530E-07 3.315908E-07 5.678512E-07 1.748089E-06 3.931569E-06
183 -1.918955E+01 1.450000E+00 4.593418E-01 1.108191E-08 3.351934E-08 1.319837E-07 3.378123E-07 5.785056E-07 1.780887E-06 4.005336E-06
184 -1.773955E+01 1.450000E+00 6.501697E-01 1.126484E-08 3.407266E-08 1.341625E-07 3.433887E-07 5.880553E-07 1.810285E-06 4.071454E-06
185 -1.628955E+01 1.450000E+00 6.340792E-01 1.142342E-08 3.455230E-08 1.360510E-07 3.482225E-07 5.963332E-07 1.835769E-06 4.128767E-06
186 -1.483955E+01 1.450000E+00 5.305243E-01 1.156049E-08 3.496691E-08 1.376836E-07 3.524010E-07 6.034889E-07 1.857797E-06 4.178310E-06
187 -1.338955E+01 1.450000E+00 4.593026E-01 1.167753E-08 3.532092E-08 1.390775E-07 3.559688E-07 6.095988E-07 1.876606E-06 4.220612E-06
188 -1.193955E+01 1.450000E+00 4.593026E-01 1.177131E-08 3.560455E-08 1.401943E-07 3.588273E-07 6.144939E-07 1.891675E-06 4.254504E-06
189 -1.048955E+01 1.450000E+00 4.593026E-01 1.183699E-08 3.580322E-08 1.409766E-07 3.608295E-07 6.179227E-07 1.902230E-06 4.278244E-06
190 -9.039549E+00 1.450000E+00 4.593026E-01 1.187060E-08 3.590488E-08 1.413769E-07 3.618540E-07 6.196773E-07 1.907631E-06 4.290391E-06
191 -7.589549E+00 1.450000E+00 4.593026E-01 1.187041E-08 3.590431E-08 1.413746E-07 3.618483E-07 6.196674E-07 1.907601E-06 4.290323E-06
192 -6.139549E+00 1.450000E+00 4.593026E-01 1.183691E-08 3.580297E-08 1.409756E-07 3.608270E-07 6.179184E-07 1.902217E-06 4.278214E-06
193 -4.689549E+00 1.450000E+00 4.593026E-01 1.177224E-08 3.560737E-08 1.402054E-07 3.588557E-07 6.145426E-07 1.891825E-06 4.254841E-06
194 -3.239549E+00 1.450000E+00 4.593026E-01 1.167962E-08 3.532724E-08 1.391024E-07 3.560325E-07 6.097078E-07 1.876941E-06 4.221367E-06
195 -1.789549E+00 1.450000E+00 4.593026E-01 1.156280E-08 3.497388E-08 1.377110E-07 3.524713E-07 6.036093E-07 1.858167E-06 4.179143E-06
196 -3.395487E-01 1.450000E+00 4.593026E-01 1.142566E-08 3.455908E-08 1.360777E-07 3.482909E-07 5.964503E-07 1.836129E-06 4.129577E-06
197 1.110451E+00 1.450000E+00 4.593026E-01 1.127197E-08 3.409422E-08 1.342473E-07 3.436060E-07 5.884273E-07 1.811431E-06 4.074030E-06
198 2.560451E+00 1.450000E+00 4.593026E-01 1.110522E-08 3.358985E-08 1.322613E-07 3.385228E-07 5.797224E-07 1.784633E-06 4.013760E-06
199 4.010451E+00 1.450000E+00 4.593026E-01 1.092852E-08 3.305537E-08 1.301568E-07 3.331363E-07 5.704980E-07 1.756237E-06 3.949894E-06
200 5.460451E+00 1.450000E+00 4.593026E-01 1.074457E-08 3.249899E-08 1.279661E-07 3.275291E-07 5.608955E-07 1.726676E-06 3.883411E-06
201 6.910451E+00 1.450000E+00 4.593026E-01 1.055569E-08 3.192768E-08 1.257165E-07 3.217713E-07 5.510354E-07 1.696322E-06 3.815143E-06
202 8.360451E+00 1.450000E+00 4.593026E-01 1.036380E-08 3.134728E-08 1.234311E-07 3.159219E-07 5.410182E-07 1.665485E-06 3.745788E-06
203 9.810451E+00 1.450000E+00 4.593026E-01 1.017048E-08 3.076256E-08 1.211288E-07 3.100291E-07 5.309267E-07 1.634419E-06 3.675919E-06
204 1.126045E+01 1.450000E+00 4.593026E-01 9.977025E-09 3.017741E-08 1.188247E-07 3.041318E-07 5.208276E-07 1.603330E-06 3.605997E-06
205 1.271045E+01 1.450000E+00 4.593026E-01 9.784438E-09 2.959489E-08 1.165311E-07 2.982612E-07 5.107741E-07 1.572381E-06 3.536390E-06
206 1.416045E+01 1.450000E+00 4.593026E-01 9.593519E-09 2.901742E-08 1.142572E-07 2.924413E-07 5.008076E-07 1.541700E-06 3.467386E-06
207 1.561045E+01 1.450000E+00 4.593026E-01 9.404874E-09 2.844683E-08 1.120105E-07 2.866908E-07 4.909598E-07 1.511384E-06 3.399205E-06
208 1.706045E+01 1.450000E+00 4.593026E-01 9.218960E-09 2.788450E-08 1.097963E-07 2.810236E-07 4.812546E-07 1.481507E-06 3.332009E-06
209 1.851045E+01 1.450000E+00 4.593026E-01 9.036105E-09 2.733142E-08 1.076185E-07 2.754496E-07 4.717091E-07 1.452122E-06 3.265920E-06
210 1.996045E+01 1.450000E+00 4.593026E-01 8.856538E-09 2.678828E-08 1.054799E-07 2.699758E-07 4.623352E-07 1.423265E-06 3.201019E-06
211 2.141045E+01 1.450000E+00 4.593026E-01 8.680408E-09 2.625554E-08 1.033822E-07 2.646068E-07 4.531407E-07 1.394961E-06 3.137361E-06
212 2.286045E+01 1.450000E+00 4.593026E-01 8.507800E-09 2.573346E-08 1.013265E-07 2.593451E-07 4.441301E-07 1.367222E-06 3.074975E-06
213 2.431045E+01 1.450000E+00 4.593026E-01 8.338751E-09 2.522214E-08 9.931315E-08 2.541920E-07 4.353053E-07 1.340056E-06 3.013875E-06
214 2.576045E+01 1.450000E+00 4.593026E-01 8.173259E-09 2.472158E-08 9.734218E-08 2.491472E-07 4.266662E-07 1.313461E-06 2.954062E-06
