0 -2.195500E+02 1.450000E+00 0.000000E+00 6.041667E-31 6.041667E-31 6.041667E-31 6.041667E-31 2.330807E-07 6.041667E-31 6.041667E-31
1 -2.195069E+02 4.305400E-02 3.367863E+01 8.578479E-11 8.649080E-11 8.514023E-11 8.171864E-11 2.372584E-07 5.539137E-11 3.408364E-11
2 -2.194487E+02 5.820287E-02 2.491286E+01 4.326774E-10 4.362383E-10 4.294264E-10 4.121687E-10 2.429090E-07 2.793804E-10 1.719095E-10
3 -2.193898E+02 5.895497E-02 2.459504E+01 1.017470E-09 1.025843E-09 1.009825E-09 9.692421E-10 2.486097E-07 6.569817E-10 4.042566E-10
4 -2.193297E+02 6.006175E-02 2.414182E+01 1.852363E-09 1.867608E-09 1.838445E-09 1.764563E-09 2.543975E-07 1.196074E-09 7.359730E-10
5 -2.192683E+02 6.141824E-02 2.360862E+01 2.952862E-09 2.977164E-09 2.930675E-09 2.812898E-09 2.602991E-07 1.906667E-09 1.173218E-09
6 -2.192053E+02 6.303161E-02 2.300433E+01 4.338660E-09 4.374368E-09 4.306061E-09 4.133010E-09 2.663417E-07 2.801480E-09 1.723818E-09
7 -2.191404E+02 6.491151E-02 2.233810E+01 6.033970E-09 6.083630E-09 5.988633E-09 5.747964E-09 2.725537E-07 3.896144E-09 2.397391E-09
8 -2.190733E+02 6.707092E-02 2.161891E+01 8.067964E-09 8.134363E-09 8.007343E-09 7.685547E-09 2.789652E-07 5.209497E-09 3.205528E-09
9 -2.190038E+02 6.952612E-02 2.085547E+01 1.047534E-08 1.056155E-08 1.039663E-08 9.978816E-09 2.856081E-07 6.763945E-09 4.162017E-09
10 -2.189315E+02 7.229681E-02 2.005621E+01 1.329704E-08 1.340647E-08 1.319713E-08 1.266676E-08 2.925173E-07 8.585917E-09 5.283120E-09
11 -2.188506E+02 8.085372E-02 1.793362E+01 1.681351E-08 1.695189E-08 1.668718E-08 1.601656E-08 3.002367E-07 1.085651E-08 6.680271E-09
12 -2.187583E+02 9.233840E-02 1.570311E+01 2.124044E-08 2.141525E-08 2.108085E-08 2.023366E-08 3.090113E-07 1.371499E-08 8.439160E-09
13 -2.186503E+02 1.080253E-01 1.342278E+01 2.689274E-08 2.711407E-08 2.669067E-08 2.561804E-08 3.191725E-07 1.736468E-08 1.068491E-08
14 -2.185195E+02 1.307257E-01 1.109193E+01 3.428181E-08 3.456395E-08 3.402422E-08 3.265687E-08 3.312426E-07 2.213582E-08 1.362070E-08
15 -2.183529E+02 1.666540E-01 8.700659E+00 4.433082E-08 4.469567E-08 4.399774E-08 4.222957E-08 3.461325E-07 2.862448E-08 1.761333E-08
16 -2.181196E+02 2.332589E-01 6.216269E+00 5.903668E-08 5.952255E-08 5.859309E-08 5.623837E-08 3.657324E-07 3.812008E-08 2.345619E-08
17 -2.177100E+02 4.095887E-01 3.540137E+00 8.469658E-08 8.539364E-08 8.406020E-08 8.068201E-08 3.955930E-07 5.468872E-08 3.365128E-08
18 -2.167461E+02 9.639761E-01 1.504187E+00 1.354465E-07 1.365612E-07 1.344288E-07 1.290264E-07 4.407493E-07 8.745802E-08 5.381501E-08
19 -2.152961E+02 1.450000E+00 0.000000E+00 1.734773E-07 1.749050E-07 1.721739E-07 1.652546E-07 4.488125E-07 1.120146E-07 6.892525E-08
20 -2.151771E+02 1.189842E-01 1.218650E+01 1.759755E-07 1.774238E-07 1.746533E-07 1.676343E-07 4.480010E-07 1.136276E-07 6.991781E-08
21 -2.150690E+02 1.081020E-01 1.341326E+01 1.805942E-07 1.820805E-07 1.792373E-07 1.720342E-07 4.491772E-07 1.166100E-07 7.175291E-08
22 -2.149717E+02 9.729878E-02 1.490255E+01 1.868264E-07 1.883639E-07 1.854226E-07 1.779709E-07 4.519363E-07 1.206341E-07 7.422903E-08
23 -2.148800E+02 9.168337E-02 1.581530E+01 1.946415E-07 1.962434E-07 1.931790E-07 1.854156E-07 4.561356E-07 1.256803E-07 7.733410E-08
24 -2.147891E+02 9.086890E-02 1.595705E+01 2.043026E-07 2.059840E-07 2.027675E-07 1.946187E-07 4.618792E-07 1.319185E-07 8.117260E-08
25 -2.146984E+02 9.070713E-02 1.598551E+01 2.158528E-07 2.176293E-07 2.142310E-07 2.056215E-07 4.691899E-07 1.393765E-07 8.576171E-08
26 -2.146073E+02 9.114479E-02 1.590875E+01 2.293808E-07 2.312686E-07 2.276573E-07 2.185082E-07 4.781290E-07 1.481115E-07 9.113656E-08
27 -2.145151E+02 9.212861E-02 1.573887E+01 2.450145E-07 2.470310E-07 2.431736E-07 2.334010E-07 4.887921E-07 1.582063E-07 9.734811E-08
28 -2.144215E+02 9.362488E-02 1.548734E+01 2.629215E-07 2.650854E-07 2.609460E-07 2.504592E-07 5.013082E-07 1.697688E-07 1.044628E-07
29 -2.143259E+02 9.561451E-02 1.516506E+01 2.833091E-07 2.856407E-07 2.811804E-07 2.698804E-07 5.158402E-07 1.829331E-07 1.125631E-07
30 -2.142278E+02 9.808993E-02 1.478235E+01 3.064275E-07 3.089494E-07 3.041251E-07 2.919030E-07 5.325870E-07 1.978607E-07 1.217484E-07
31 -2.141268E+02 1.010531E-01 1.434890E+01 3.325735E-07 3.353106E-07 3.300747E-07 3.168097E-07 5.517868E-07 2.147432E-07 1.321367E-07
32 -2.140222E+02 1.045140E-01 1.387374E+01 3.620957E-07 3.650757E-07 3.593750E-07 3.449325E-07 5.737209E-07 2.338057E-07 1.438663E-07
33 -2.139137E+02 1.084899E-01 1.336529E+01 3.954006E-07 3.986548E-07 3.924297E-07 3.766589E-07 5.987195E-07 2.553108E-07 1.570989E-07
34 -2.137942E+02 1.195376E-01 1.213007E+01 4.350594E-07 4.386400E-07 4.317905E-07 4.144379E-07 6.287503E-07 2.809186E-07 1.728559E-07
35 -2.136589E+02 1.352905E-01 1.071768E+01 4.832157E-07 4.871925E-07 4.795849E-07 4.603115E-07 6.654870E-07 3.120131E-07 1.919891E-07
36 -2.135031E+02 1.557998E-01 9.306817E+00 5.422471E-07 5.467098E-07 5.381728E-07 5.165449E-07 7.107995E-07 3.501298E-07 2.154432E-07
37 -2.133197E+02 1.833998E-01 7.906226E+00 6.155623E-07 6.206284E-07 6.109372E-07 5.863850E-07 7.673638E-07 3.974696E-07 2.445725E-07
38 -2.130975E+02 2.222092E-01 6.525382E+00 7.082336E-07 7.140624E-07 7.029122E-07 6.746637E-07 8.391470E-07 4.573075E-07 2.813923E-07
39 -2.128171E+02 2.804361E-01 5.170519E+00 8.282607E-07 8.350773E-07 8.220374E-07 7.890016E-07 9.323689E-07 5.348092E-07 3.290809E-07
40 -2.124768E+02 3.402733E-01 4.261281E+00 9.751850E-07 9.832108E-07 9.678577E-07 9.289618E-07 1.046662E-06 6.296785E-07 3.874562E-07
41 -2.120800E+02 3.968163E-01 3.654084E+00 1.146119E-06 1.155552E-06 1.137508E-06 1.091794E-06 1.179798E-06 7.400510E-07 4.553711E-07
42 -2.116157E+02 4.643135E-01 3.122890E+00 1.343801E-06 1.354860E-06 1.333704E-06 1.280105E-06 1.333957E-06 8.676943E-07 5.339130E-07
43 -2.111161E+02 4.995606E-01 2.902551E+00 1.554452E-06 1.567245E-06 1.542773E-06 1.480772E-06 1.498600E-06 1.003712E-06 6.176081E-07
44 -2.105913E+02 5.248249E-01 2.762826E+00 1.777311E-06 1.791938E-06 1.763957E-06 1.693067E-06 1.673518E-06 1.147613E-06 7.061534E-07
45 -2.099143E+02 6.770085E-01 2.141775E+00 2.058885E-06 2.075829E-06 2.043415E-06 1.961295E-06 1.895202E-06 1.329425E-06 8.180270E-07
46 -2.088838E+02 1.030517E+00 1.407061E+00 2.425218E-06 2.445177E-06 2.406995E-06 2.310264E-06 2.182342E-06 1.565967E-06 9.635768E-07
47 -2.074338E+02 1.450000E+00 8.032172E-01 2.743869E-06 2.766451E-06 2.723252E-06 2.613811E-06 2.424695E-06 1.771720E-06 1.090182E-06
48 -2.065313E+02 9.024854E-01 1.606674E+00 2.904158E-06 2.928060E-06 2.882338E-06 2.766503E-06 2.545965E-06 1.875220E-06 1.153868E-06
49 -2.058800E+02 6.512378E-01 2.226529E+00 3.088329E-06 3.113746E-06 3.065124E-06 2.941944E-06 2.692533E-06 1.994139E-06 1.227041E-06
50 -2.052449E+02 6.351366E-01 2.282973E+00 3.344807E-06 3.372335E-06 3.319675E-06 3.186265E-06 2.901311E-06 2.159747E-06 1.328944E-06
51 -2.044703E+02 7.746428E-01 1.871830E+00 3.718071E-06 3.748671E-06 3.690135E-06 3.541837E-06 3.208099E-06 2.400765E-06 1.477248E-06
52 -2.036244E+02 8.458500E-01 1.714252E+00 4.154205E-06 4.188394E-06 4.122991E-06 3.957298E-06 3.568413E-06 2.682376E-06 1.650530E-06
53 -2.026306E+02 9.937940E-01 1.459055E+00 4.664593E-06 4.702983E-06 4.629545E-06 4.443494E-06 3.991427E-06 3.011935E-06 1.853316E-06
54 -2.013146E+02 1.316003E+00 1.101821E+00 5.239031E-06 5.282148E-06 5.199666E-06 4.990704E-06 4.467806E-06 3.382850E-06 2.081549E-06
55 -2.003129E+02 1.001674E+00 1.447576E+00 5.662987E-06 5.709593E-06 5.620437E-06 5.394564E-06 4.820449E-06 3.656600E-06 2.249993E-06
56 -1.993177E+02 9.952008E-01 1.456992E+00 6.169135E-06 6.219907E-06 6.122782E-06 5.876722E-06 5.243534E-06 3.983420E-06 2.451094E-06
57 -1.979415E+02 1.376283E+00 1.053562E+00 6.836598E-06 6.892864E-06 6.785230E-06 6.512547E-06 5.802386E-06 4.414402E-06 2.716287E-06
58 -1.964915E+02 1.450000E+00 7.227762E-01 7.271932E-06 7.331780E-06 7.217293E-06 6.927247E-06 6.165926E-06 4.695498E-06 2.889252E-06
59 -1.950415E+02 1.450000E+00 5.579616E-01 7.379682E-06 7.440417E-06 7.324233E-06 7.029889E-06 6.253493E-06 4.765072E-06 2.932063E-06
60 -1.935915E+02 1.450000E+00 6.901083E-01 7.350097E-06 7.410589E-06 7.294871E-06 7.001707E-06 6.225720E-06 4.745969E-06 2.920308E-06
61 -1.924298E+02 1.161637E+00 1.248238E+00 7.544235E-06 7.606324E-06 7.487550E-06 7.186643E-06 6.388103E-06 4.871324E-06 2.997442E-06
62 -1.916196E+02 8.102356E-01 1.789603E+00 7.989856E-06 8.055613E-06 7.929823E-06 7.611142E-06 6.763845E-06 5.159063E-06 3.174495E-06
63 -1.907077E+02 9.119152E-01 1.590060E+00 8.776878E-06 8.849112E-06 8.710932E-06 8.360859E-06 7.428277E-06 5.667244E-06 3.487191E-06
64 -1.896138E+02 1.093892E+00 1.325542E+00 9.846661E-06 9.927700E-06 9.772677E-06 9.379935E-06 8.331773E-06 6.358005E-06 3.912232E-06
65 -1.886888E+02 9.249589E-01 1.567637E+00 1.086053E-05 1.094991E-05 1.077892E-05 1.034574E-05 9.188282E-06 7.012658E-06 4.315056E-06
66 -1.877731E+02 9.156973E-01 1.583493E+00 1.204721E-05 1.214635E-05 1.195669E-05 1.147618E-05 1.019102E-05 7.778900E-06 4.786543E-06
67 -1.868414E+02 9.317468E-01 1.556217E+00 1.341616E-05 1.352657E-05 1.331535E-05 1.278024E-05 1.134795E-05 8.662834E-06 5.330449E-06
68 -1.855342E+02 1.307122E+00 1.109307E+00 1.521966E-05 1.534492E-05 1.510530E-05 1.449825E-05 1.287220E-05 9.827357E-06 6.047008E-06
69 -1.840842E+02 1.450000E+00 6.636516E-01 1.642791E-05 1.656311E-05 1.630448E-05 1.564924E-05 1.389322E-05 1.060753E-05 6.527065E-06
70 -1.826342E+02 1.450000E+00 5.549057E-01 1.673807E-05 1.687583E-05 1.661231E-05 1.594470E-05 1.415500E-05 1.080780E-05 6.650298E-06
71 -1.811842E+02 1.450000E+00 7.816027E-01 1.683094E-05 1.696946E-05 1.670448E-05 1.603316E-05 1.423314E-05 1.086776E-05 6.687195E-06
72 -1.797342E+02 1.450000E+00 4.817361E-01 1.673667E-05 1.687441E-05 1.661091E-05 1.594336E-05 1.415311E-05 1.080689E-05 6.649740E-06
73 -1.782842E+02 1.450000E+00 5.149154E-01 1.630355E-05 1.643773E-05 1.618105E-05 1.553077E-05 1.378664E-05 1.052723E-05 6.477654E-06
74 -1.768342E+02 1.450000E+00 5.888278E-01 1.588907E-05 1.601984E-05 1.576968E-05 1.513594E-05 1.343598E-05 1.025960E-05 6.312976E-06
75 -1.753842E+02 1.450000E+00 8.672446E-01 1.595301E-05 1.608430E-05 1.583314E-05 1.519684E-05 1.348986E-05 1.030088E-05 6.338379E-06
76 -1.739342E+02 1.450000E+00 5.943337E-01 1.622775E-05 1.636130E-05 1.610582E-05 1.545856E-05 1.372201E-05 1.047828E-05 6.447538E-06
77 -1.724842E+02 1.450000E+00 3.520020E-01 1.597698E-05 1.610847E-05 1.585694E-05 1.521968E-05 1.350985E-05 1.031636E-05 6.347904E-06
78 -1.710342E+02 1.450000E+00 2.271233E-01 1.507377E-05 1.519783E-05 1.496051E-05 1.435928E-05 1.274605E-05 9.733156E-06 5.989044E-06
79 -1.695842E+02 1.450000E+00 1.965860E-01 1.376243E-05 1.387570E-05 1.365903E-05 1.311010E-05 1.163719E-05 8.886424E-06 5.468029E-06
80 -1.681342E+02 1.450000E+00 5.298418E-01 1.272159E-05 1.282629E-05 1.262601E-05 1.211860E-05 1.075706E-05 8.214354E-06 5.054488E-06
81 -1.666842E+02 1.450000E+00 4.624833E-01 1.213903E-05 1.223894E-05 1.204782E-05 1.156365E-05 1.026441E-05 7.838192E-06 4.823027E-06
82 -1.652342E+02 1.450000E+00 3.908250E-01 1.164165E-05 1.173746E-05 1.155418E-05 1.108984E-05 9.843804E-06 7.517031E-06 4.625409E-06
83 -1.637842E+02 1.450000E+00 7.352739E-01 1.150447E-05 1.159915E-05 1.141803E-05 1.095916E-05 9.727758E-06 7.428452E-06 4.570904E-06
84 -1.623342E+02 1.450000E+00 6.337431E-01 1.175926E-05 1.185604E-05 1.167090E-05 1.120188E-05 9.943145E-06 7.592973E-06 4.672138E-06
85 -1.608842E+02 1.450000E+00 4.274377E-01 1.185397E-05 1.195153E-05 1.176490E-05 1.129210E-05 1.002318E-05 7.654126E-06 4.709767E-06
86 -1.594342E+02 1.450000E+00 4.634426E-01 1.170816E-05 1.180452E-05 1.162019E-05 1.115320E-05 9.899863E-06 7.559980E-06 4.651837E-06
87 -1.579842E+02 1.450000E+00 5.168335E-01 1.154849E-05 1.164354E-05 1.146172E-05 1.100110E-05 9.764824E-06 7.456880E-06 4.588397E-06
88 -1.565342E+02 1.450000E+00 5.295381E-01 1.145074E-05 1.154498E-05 1.136470E-05 1.090798E-05 9.682139E-06 7.393759E-06 4.549557E-06
89 -1.550842E+02 1.450000E+00 6.949756E-01 1.156688E-05 1.166208E-05 1.147997E-05 1.101862E-05 9.780317E-06 7.468755E-06 4.595704E-06
90 -1.536770E+02 1.407224E+00 1.030397E+00 1.225584E-05 1.235671E-05 1.216375E-05 1.167492E-05 1.036283E-05 7.913616E-06 4.869437E-06
91 -1.525895E+02 1.087473E+00 1.333366E+00 1.340980E-05 1.352016E-05 1.330904E-05 1.277418E-05 1.133851E-05 8.658728E-06 5.327923E-06
92 -1.511395E+02 1.450000E+00 8.776963E-01 1.513697E-05 1.526155E-05 1.502324E-05 1.441949E-05 1.279886E-05 9.773967E-06 6.014156E-06
93 -1.496895E+02 1.450000E+00 7.155810E-01 1.636726E-05 1.650196E-05 1.624428E-05 1.559146E-05 1.383908E-05 1.056837E-05 6.502968E-06
94 -1.482395E+02 1.450000E+00 9.627284E-01 1.751612E-05 1.766028E-05 1.738451E-05 1.668586E-05 1.481045E-05 1.131019E-05 6.959428E-06
95 -1.467895E+02 1.450000E+00 5.920110E-01 1.841590E-05 1.856747E-05 1.827753E-05 1.754300E-05 1.557123E-05 1.189118E-05 7.316926E-06
96 -1.453395E+02 1.450000E+00 4.444553E-01 1.851551E-05 1.866789E-05 1.837639E-05 1.763788E-05 1.565543E-05 1.195549E-05 7.356501E-06
97 -1.438895E+02 1.450000E+00 7.345007E-01 1.850489E-05 1.865719E-05 1.836585E-05 1.762777E-05 1.564644E-05 1.194864E-05 7.352282E-06
98 -1.424395E+02 1.450000E+00 7.747645E-01 1.891487E-05 1.907054E-05 1.877275E-05 1.801831E-05 1.599308E-05 1.221336E-05 7.515172E-06
99 -1.409895E+02 1.450000E+00 6.494798E-01 1.939030E-05 1.954988E-05 1.924460E-05 1.847121E-05 1.639506E-05 1.252034E-05 7.704067E-06
100 -1.395395E+02 1.450000E+00 9.208143E-01 2.015997E-05 2.032589E-05 2.000850E-05 1.920440E-05 1.704583E-05 1.301733E-05 8.009873E-06
101 -1.380895E+02 1.450000E+00 5.733530E-01 2.089583E-05 2.106780E-05 2.073882E-05 1.990538E-05 1.766801E-05 1.349247E-05 8.302239E-06
102 -1.366395E+02 1.450000E+00 5.240432E-01 2.101919E-05 2.119218E-05 2.086125E-05 2.002289E-05 1.777230E-05 1.357212E-05 8.351251E-06
103 -1.351895E+02 1.450000E+00 5.750920E-01 2.089103E-05 2.106296E-05 2.073406E-05 1.990080E-05 1.766394E-05 1.348937E-05 8.300332E-06
104 -1.337395E+02 1.450000E+00 7.103980E-01 2.098231E-05 2.115500E-05 2.082466E-05 1.998776E-05 1.774112E-05 1.354831E-05 8.336602E-06
105 -1.322895E+02 1.450000E+00 7.283840E-01 2.143170E-05 2.160808E-05 2.127067E-05 2.041585E-05 1.812107E-05 1.383848E-05 8.515148E-06
106 -1.308395E+02 1.450000E+00 6.592846E-01 2.195584E-05 2.213653E-05 2.179087E-05 2.091514E-05 1.856424E-05 1.417692E-05 8.723397E-06
107 -1.293895E+02 1.450000E+00 6.558750E-01 2.239955E-05 2.258390E-05 2.223125E-05 2.133783E-05 1.893941E-05 1.446343E-05 8.899692E-06
108 -1.279395E+02 1.450000E+00 7.111705E-01 2.290922E-05 2.309776E-05 2.273708E-05 2.182333E-05 1.937034E-05 1.479252E-05 9.102190E-06
109 -1.264895E+02 1.450000E+00 7.485664E-01 2.361952E-05 2.381391E-05 2.344205E-05 2.249997E-05 1.997092E-05 1.525116E-05 9.384404E-06
110 -1.250395E+02 1.450000E+00 7.779385E-01 2.454911E-05 2.475115E-05 2.436465E-05 2.338549E-05 2.075690E-05 1.585140E-05 9.753744E-06
111 -1.235895E+02 1.450000E+00 7.592121E-01 2.559881E-05 2.580949E-05 2.540647E-05 2.438544E-05 2.164445E-05 1.652919E-05 1.017081E-05
112 -1.221395E+02 1.450000E+00 6.799334E-01 2.650718E-05 2.672534E-05 2.630801E-05 2.525076E-05 2.241250E-05 1.711573E-05 1.053172E-05
113 -1.206895E+02 1.450000E+00 7.180514E-01 2.728889E-05 2.751348E-05 2.708385E-05 2.599541E-05 2.307345E-05 1.762048E-05 1.084230E-05
114 -1.192395E+02 1.450000E+00 6.411859E-01 2.792511E-05 2.815494E-05 2.771529E-05 2.660148E-05 2.361139E-05 1.803129E-05 1.109508E-05
115 -1.177895E+02 1.450000E+00 5.245316E-01 2.808401E-05 2.831514E-05 2.787299E-05 2.675284E-05 2.374574E-05 1.813389E-05 1.115822E-05
116 -1.163395E+02 1.450000E+00 4.797385E-01 2.770386E-05 2.793186E-05 2.749570E-05 2.639071E-05 2.342431E-05 1.788842E-05 1.100717E-05
117 -1.148895E+02 1.450000E+00 5.479905E-01 2.718000E-05 2.740369E-05 2.697578E-05 2.589168E-05 2.298138E-05 1.755017E-05 1.079904E-05
118 -1.134395E+02 1.450000E+00 7.400516E-01 2.720757E-05 2.743149E-05 2.700314E-05 2.591795E-05 2.300469E-05 1.756797E-05 1.080999E-05
119 -1.119895E+02 1.450000E+00 5.669518E-01 2.750075E-05 2.772708E-05 2.729411E-05 2.619723E-05 2.325257E-05 1.775727E-05 1.092648E-05
120 -1.105395E+02 1.450000E+00 5.726682E-01 2.757199E-05 2.779890E-05 2.736482E-05 2.626509E-05 2.331281E-05 1.780327E-05 1.095478E-05
121 -1.090895E+02 1.450000E+00 8.332776E-01 2.817566E-05 2.840755E-05 2.796396E-05 2.684015E-05 2.382323E-05 1.819307E-05 1.119463E-05
122 -1.076395E+02 1.450000E+00 7.375021E-01 2.935292E-05 2.959450E-05 2.913237E-05 2.796161E-05 2.481863E-05 1.895323E-05 1.166237E-05
123 -1.061895E+02 1.450000E+00 6.503698E-01 3.035843E-05 3.060829E-05 3.013033E-05 2.891946E-05 2.566881E-05 1.960249E-05 1.206188E-05
124 -1.047395E+02 1.450000E+00 7.983424E-01 3.146173E-05 3.172066E-05 3.122533E-05 2.997046E-05 2.660167E-05 2.031489E-05 1.250024E-05
125 -1.032895E+02 1.450000E+00 8.932601E-01 3.320514E-05 3.347842E-05 3.295565E-05 3.163124E-05 2.807577E-05 2.144061E-05 1.319292E-05
126 -1.018395E+02 1.450000E+00 7.168641E-01 3.499588E-05 3.528390E-05 3.473293E-05 3.333710E-05 2.958989E-05 2.259690E-05 1.390441E-05
127 -1.003895E+02 1.450000E+00 6.015384E-01 3.604107E-05 3.633769E-05 3.577027E-05 3.433274E-05 3.047362E-05 2.327178E-05 1.431968E-05
128 -9.893955E+01 1.450000E+00 6.177954E-01 3.650399E-05 3.680442E-05 3.622971E-05 3.477372E-05 3.086503E-05 2.357068E-05 1.450361E-05
129 -9.748955E+01 1.450000E+00 7.163776E-01 3.705820E-05 3.736319E-05 3.677975E-05 3.530166E-05 3.133362E-05 2.392854E-05 1.472380E-05
130 -9.603955E+01 1.450000E+00 5.804025E-01 3.752634E-05 3.783519E-05 3.724438E-05 3.574761E-05 3.172945E-05 2.423082E-05 1.490980E-05
131 -9.458955E+01 1.450000E+00 7.090822E-01 3.799914E-05 3.831187E-05 3.771362E-05 3.619800E-05 3.212921E-05 2.453610E-05 1.509765E-05
132 -9.313955E+01 1.450000E+00 8.083309E-01 3.916532E-05 3.948765E-05 3.887105E-05 3.730891E-05 3.311525E-05 2.528911E-05 1.556099E-05
133 -9.168955E+01 1.450000E+00 7.087556E-01 4.062333E-05 4.095766E-05 4.031810E-05 3.869780E-05 3.434803E-05 2.623055E-05 1.614028E-05
134 -9.023955E+01 1.450000E+00 9.343325E-01 4.268551E-05 4.303681E-05 4.236478E-05 4.066224E-05 3.609166E-05 2.756210E-05 1.695962E-05
135 -8.878955E+01 1.450000E+00 8.553258E-01 4.546630E-05 4.584049E-05 4.512468E-05 4.331123E-05 3.844289E-05 2.935766E-05 1.806447E-05
136 -8.733955E+01 1.450000E+00 9.868338E-01 4.884444E-05 4.924643E-05 4.847744E-05 4.652924E-05 4.129919E-05 3.153893E-05 1.940666E-05
137 -8.588955E+01 1.450000E+00 9.133329E-01 5.272041E-05 5.315430E-05 5.232429E-05 5.022149E-05 4.457641E-05 3.404165E-05 2.094664E-05
138 -8.443955E+01 1.450000E+00 5.219004E-01 5.498809E-05 5.544064E-05 5.457493E-05 5.238169E-05 4.649379E-05 3.550590E-05 2.184763E-05
139 -8.298955E+01 1.450000E+00 4.426884E-01 5.474353E-05 5.519407E-05 5.433220E-05 5.214872E-05 4.628701E-05 3.534798E-05 2.175046E-05
140 -8.153955E+01 1.450000E+00 4.333822E-01 5.308382E-05 5.352070E-05 5.268497E-05 5.056768E-05 4.488368E-05 3.427631E-05 2.109103E-05
141 -8.008955E+01 1.450000E+00 5.290687E-01 5.128210E-05 5.170415E-05 5.089678E-05 4.885136E-05 4.336028E-05 3.311293E-05 2.037518E-05
142 -7.863955E+01 1.450000E+00 5.713121E-01 5.008014E-05 5.049230E-05 4.970385E-05 4.770637E-05 4.234400E-05 3.233682E-05 1.989762E-05
143 -7.718955E+01 1.450000E+00 4.588094E-01 4.892011E-05 4.932273E-05 4.855254E-05 4.660133E-05 4.136317E-05 3.158779E-05 1.943673E-05
144 -7.573955E+01 1.450000E+00 4.037747E-01 4.720559E-05 4.759409E-05 4.685090E-05 4.496807E-05 3.991350E-05 3.048072E-05 1.875552E-05
145 -7.428955E+01 1.450000E+00 5.742803E-01 4.582958E-05 4.620675E-05 4.548523E-05 4.365728E-05 3.875004E-05 2.959223E-05 1.820881E-05
146 -7.283955E+01 1.450000E+00 5.313087E-01 4.512524E-05 4.549662E-05 4.478618E-05 4.298633E-05 3.815451E-05 2.913744E-05 1.792896E-05
147 -7.138955E+01 1.450000E+00 5.467241E-01 4.466299E-05 4.503057E-05 4.432741E-05 4.254599E-05 3.776367E-05 2.883896E-05 1.774531E-05
148 -6.993955E+01 1.450000E+00 5.206432E-01 4.428083E-05 4.464527E-05 4.394812E-05 4.218195E-05 3.744054E-05 2.859220E-05 1.759347E-05
149 -6.848955E+01 1.450000E+00 4.208513E-01 4.346474E-05 4.382245E-05 4.313815E-05 4.140453E-05 3.675051E-05 2.806525E-05 1.726922E-05
150 -6.703955E+01 1.450000E+00 4.782592E-01 4.236208E-05 4.271072E-05 4.204378E-05 4.035414E-05 3.581819E-05 2.735326E-05 1.683112E-05
151 -6.558955E+01 1.450000E+00 5.823265E-01 4.176970E-05 4.211346E-05 4.145585E-05 3.978984E-05 3.531731E-05 2.697076E-05 1.659575E-05
152 -6.413955E+01 1.450000E+00 4.584983E-01 4.131275E-05 4.165276E-05 4.100234E-05 3.935455E-05 3.493095E-05 2.667571E-05 1.641420E-05
153 -6.268955E+01 1.450000E+00 5.192748E-01 4.073592E-05 4.107118E-05 4.042985E-05 3.880506E-05 3.444323E-05 2.630325E-05 1.618502E-05
154 -6.123955E+01 1.450000E+00 5.575355E-01 4.046301E-05 4.079602E-05 4.015898E-05 3.854508E-05 3.421247E-05 2.612703E-05 1.607659E-05
155 -5.978955E+01 1.450000E+00 5.744473E-01 4.051511E-05 4.084855E-05 4.021070E-05 3.859472E-05 3.425653E-05 2.616067E-05 1.609729E-05
156 -5.833955E+01 1.450000E+00 6.088524E-01 4.088132E-05 4.121777E-05 4.057415E-05 3.894357E-05 3.456617E-05 2.639713E-05 1.624279E-05
157 -5.688955E+01 1.450000E+00 7.130399E-01 4.186227E-05 4.220679E-05 4.154773E-05 3.987802E-05 3.539558E-05 2.703053E-05 1.663253E-05
158 -5.543955E+01 1.450000E+00 7.472951E-01 4.356167E-05 4.392019E-05 4.323436E-05 4.149687E-05 3.683247E-05 2.812784E-05 1.730773E-05
159 -5.398955E+01 1.450000E+00 7.076295E-01 4.550808E-05 4.588261E-05 4.516614E-05 4.335102E-05 3.847820E-05 2.938464E-05 1.808107E-05
160 -5.253955E+01 1.450000E+00 7.412436E-01 4.751992E-05 4.791101E-05 4.716287E-05 4.526750E-05 4.017927E-05 3.068369E-05 1.888041E-05
161 -5.108955E+01 1.450000E+00 8.350273E-01 5.003309E-05 5.044487E-05 4.965716E-05 4.766155E-05 4.230422E-05 3.230645E-05 1.987893E-05
162 -4.963955E+01 1.450000E+00 7.493559E-01 5.274452E-05 5.317861E-05 5.234821E-05 5.024446E-05 4.459679E-05 3.405722E-05 2.095622E-05
163 -4.818955E+01 1.450000E+00 6.057693E-01 5.457035E-05 5.501946E-05 5.416032E-05 5.198374E-05 4.614058E-05 3.523616E-05 2.168165E-05
164 -4.673955E+01 1.450000E+00 5.639812E-01 5.522715E-05 5.568167E-05 5.481219E-05 5.260942E-05 4.669592E-05 3.566026E-05 2.194261E-05
165 -4.528955E+01 1.450000E+00 7.260524E-01 5.593801E-05 5.639838E-05 5.551771E-05 5.328658E-05 4.729697E-05 3.611926E-05 2.222505E-05
166 -4.383955E+01 1.450000E+00 7.600775E-01 5.752179E-05 5.799519E-05 5.708959E-05 5.479529E-05 4.863610E-05 3.714191E-05 2.285431E-05
167 -4.238955E+01 1.450000E+00 6.310332E-01 5.904151E-05 5.952742E-05 5.859789E-05 5.624297E-05 4.992106E-05 3.812319E-05 2.345811E-05
168 -4.093955E+01 1.450000E+00 6.185760E-01 5.992075E-05 6.041390E-05 5.947052E-05 5.708054E-05 5.066448E-05 3.869092E-05 2.380745E-05
169 -3.948955E+01 1.450000E+00 6.512701E-01 6.063163E-05 6.113063E-05 6.017606E-05 5.775773E-05 5.126554E-05 3.914994E-05 2.408989E-05
170 -3.803955E+01 1.450000E+00 6.762394E-01 6.155888E-05 6.206551E-05 6.109635E-05 5.864103E-05 5.204956E-05 3.974867E-05 2.445831E-05
171 -3.658955E+01 1.450000E+00 6.424221E-01 6.254257E-05 6.305730E-05 6.207265E-05 5.957809E-05 5.288129E-05 4.038384E-05 2.484914E-05
172 -3.513955E+01 1.450000E+00 5.687514E-01 6.302764E-05 6.354636E-05 6.255407E-05 6.004017E-05 5.329143E-05 4.069705E-05 2.504187E-05
173 -3.368955E+01 1.450000E+00 5.661207E-01 6.295305E-05 6.347116E-05 6.248004E-05 5.996911E-05 5.322836E-05 4.064889E-05 2.501223E-05
174 -3.223955E+01 1.450000E+00 7.343304E-01 6.353360E-05 6.405649E-05 6.305623E-05 6.052215E-05 5.371923E-05 4.102375E-05 2.524289E-05
175 -3.078955E+01 1.450000E+00 7.568780E-01 6.535570E-05 6.589358E-05 6.486464E-05 6.225788E-05 5.525986E-05 4.220028E-05 2.596684E-05
176 -2.933955E+01 1.450000E+00 6.740998E-01 6.739758E-05 6.795227E-05 6.689118E-05 6.420298E-05 5.698633E-05 4.351873E-05 2.677811E-05
177 -2.788955E+01 1.450000E+00 6.190431E-01 6.881103E-05 6.937735E-05 6.829401E-05 6.554943E-05 5.818143E-05 4.443139E-05 2.733970E-05
178 -2.643955E+01 1.450000E+00 6.477163E-01 6.982552E-05 7.040019E-05 6.930087E-05 6.651583E-05 5.903920E-05 4.508645E-05 2.774277E-05
179 -2.498955E+01 1.450000E+00 7.938254E-01 7.166658E-05 7.225640E-05 7.112810E-05 6.826963E-05 6.059587E-05 4.627523E-05 2.847425E-05
180 -2.353955E+01 1.450000E+00 7.100683E-01 7.416725E-05 7.477765E-05 7.360998E-05 7.065177E-05 6.271025E-05 4.788991E-05 2.946781E-05
181 -2.208955E+01 1.450000E+00 5.772768E-01 7.570071E-05 7.632373E-05 7.513192E-05 7.211254E-05 6.400682E-05 4.888007E-05 3.007707E-05
182 -2.063955E+01 1.450000E+00 4.324277E-01 7.517066E-05 7.578931E-05 7.460585E-05 7.160761E-05 6.355865E-05 4.853781E-05 2.986648E-05
183 -1.918955E+01 1.450000E+00 4.593418E-01 7.314334E-05 7.374531E-05 7.259376E-05 6.967639E-05 6.184450E-05 4.722877E-05 2.906099E-05
184 -1.773955E+01 1.450000E+00 6.501697E-01 7.187960E-05 7.247117E-05 7.133952E-05 6.847255E-05 6.077598E-05 4.641277E-05 2.855889E-05
185 -1.628955E+01 1.450000E+00 6.340792E-01 7.199561E-05 7.258814E-05 7.145466E-05 6.858306E-05 6.087407E-05 4.648768E-05 2.860498E-05
186 -1.483955E+01 1.450000E+00 5.305243E-01 7.203337E-05 7.262621E-05 7.149214E-05 6.861903E-05 6.090600E-05 4.651206E-05 2.861998E-05
187 -1.338955E+01 1.450000E+00 4.593026E-01 7.104819E-05 7.163291E-05 7.051435E-05 6.768054E-05 6.007300E-05 4.587593E-05 2.822855E-05
188 -1.193955E+01 1.450000E+00 4.593026E-01 6.927123E-05 6.984133E-05 6.875074E-05 6.598781E-05 5.857054E-05 4.472854E-05 2.752254E-05
189 -1.048955E+01 1.450000E+00 4.593026E-01 6.723088E-05 6.778419E-05 6.672573E-05 6.404417E-05 5.684537E-05 4.341108E-05 2.671188E-05
190 -9.039549E+00 1.450000E+00 4.593026E-01 6.517396E-05 6.571034E-05 6.468426E-05 6.208475E-05 5.510619E-05 4.208293E-05 2.589463E-05
191 -7.589549E+00 1.450000E+00 4.593026E-01 6.320667E-05 6.372686E-05 6.273175E-05 6.021071E-05 5.344280E-05 4.081265E-05 2.511300E-05
192 -6.139549E+00 1.450000E+00 4.593026E-01 6.136657E-05 6.187162E-05 6.090549E-05 5.845783E-05 5.188696E-05 3.962449E-05 2.438190E-05
193 -4.689549E+00 1.450000E+00 4.593026E-01 5.965907E-05 6.015007E-05 5.921081E-05 5.683127E-05 5.044322E-05 3.852196E-05 2.370348E-05
194 -3.239549E+00 1.450000E+00 4.593026E-01 5.807562E-05 5.855358E-05 5.763926E-05 5.532287E-05 4.910437E-05 3.749952E-05 2.307435E-05
195 -1.789549E+00 1.450000E+00 4.593026E-01 5.660265E-05 5.706849E-05 5.617736E-05 5.391972E-05 4.785894E-05 3.654842E-05 2.248912E-05
196 -3.395487E-01 1.450000E+00 4.593026E-01 5.522575E-05 5.568026E-05 5.481080E-05 5.260808E-05 4.669473E-05 3.565935E-05 2.194205E-05
197 1.110451E+00 1.450000E+00 4.593026E-01 5.393148E-05 5.437533E-05 5.352625E-05 5.137516E-05 4.560040E-05 3.482364E-05 2.142782E-05
198 2.560451E+00 1.450000E+00 4.593026E-01 5.270806E-05 5.314185E-05 5.231203E-05 5.020973E-05 4.456597E-05 3.403368E-05 2.094174E-05
199 4.010451E+00 1.450000E+00 4.593026E-01 5.154549E-05 5.196971E-05 5.115819E-05 4.910226E-05 4.358299E-05 3.328300E-05 2.047983E-05
200 5.460451E+00 1.450000E+00 4.593026E-01 5.043540E-05 5.085049E-05 5.005645E-05 4.804479E-05 4.264438E-05 3.256622E-05 2.003877E-05
201 6.910451E+00 1.450000E+00 4.593026E-01 4.937090E-05 4.977723E-05 4.899995E-05 4.703075E-05 4.174432E-05 3.187887E-05 1.961583E-05
202 8.360451E+00 1.450000E+00 4.593026E-01 4.834632E-05 4.874421E-05 4.798306E-05 4.605473E-05 4.087801E-05 3.121729E-05 1.920875E-05
203 9.810451E+00 1.450000E+00 4.593026E-01 4.735699E-05 4.774674E-05 4.700117E-05 4.511230E-05 4.004151E-05 3.057848E-05 1.881567E-05
204 1.126045E+01 1.450000E+00 4.593026E-01 4.639912E-05 4.678098E-05 4.605049E-05 4.419983E-05 3.923160E-05 2.995998E-05 1.843510E-05
205 1.271045E+01 1.450000E+00 4.593026E-01 4.546957E-05 4.584378E-05 4.512792E-05 4.331434E-05 3.844564E-05 2.935977E-05 1.806577E-05
206 1.416045E+01 1.450000E+00 4.593026E-01 4.456576E-05 4.493254E-05 4.423091E-05 4.245337E-05 3.768146E-05 2.877618E-05 1.770667E-05
207 1.561045E+01 1.450000E+00 4.593026E-01 4.368559E-05 4.404512E-05 4.335735E-05 4.161492E-05 3.693725E-05 2.820785E-05 1.735697E-05
208 1.706045E+01 1.450000E+00 4.593026E-01 4.282728E-05 4.317975E-05 4.250549E-05 4.079729E-05 3.621152E-05 2.765364E-05 1.701595E-05
209 1.851045E+01 1.450000E+00 4.593026E-01 4.198937E-05 4.233494E-05 4.167388E-05 3.999910E-05 3.550305E-05 2.711260E-05 1.668303E-05
210 1.996045E+01 1.450000E+00 4.593026E-01 4.117063E-05 4.150947E-05 4.086129E-05 3.921917E-05 3.481079E-05 2.658394E-05 1.635774E-05
211 2.141045E+01 1.450000E+00 4.593026E-01 4.037003E-05 4.070227E-05 4.006670E-05 3.845651E-05 3.413386E-05 2.606699E-05 1.603964E-05
212 2.286045E+01 1.450000E+00 4.593026E-01 3.958667E-05 3.991247E-05 3.928923E-05 3.771029E-05 3.347151E-05 2.556118E-05 1.572840E-05
213 2.431045E+01 1.450000E+00 4.593026E-01 3.881981E-05 3.913930E-05 3.852813E-05 3.697977E-05 3.282311E-05 2.506601E-05 1.542372E-05
214 2.576045E+01 1.450000E+00 4.593026E-01 3.806878E-05 3.838209E-05 3.778275E-05 3.626435E-05 3.218810E-05 2.458107E-05 1.512532E-05
